Flow_accumulation.asc
ncols        1010
nrows        1398
xllcorner    419764.000000000000
yllcorner    4215230.000000000000
dx           20.001980198020
[rows 228 to 303 of 1398, columns 0 to 95 of 1010]
9 9 16 20 21 18 13 10 7 8 6 7 5 2 0 2 4 3 3 2 1 17 5 3 3 5 2 5 34 3 9 7 12 11 3 2 1 0 0 2 1 3 5 3 4 3 3 5 5 7 7 13 18 5 5 6 7 2 4 5 4 3 1 1 1 1 8 268 5 2 3 4 3 1 4 7 2 3 1 6 5 3 5 3 3 2 2 4 11 6 5 2 1 1 1 1
42 19 14 13 10 9 10 9 7 4 5 3 4 2 1 1 2 3 3 0 2 14 3 2 3 4 2 3 31 2 2 6 3 3 7 3 1 0 0 1 5 6 6 5 3 6 6 9 4 5 6 8 14 24 6 6 13 3 3 4 6 5 3 3 2 2 278 12 4 3 2 2 3 2 2 3 4 1 2 4 4 2 3 4 1 1 1 1 3 4 3 3 2 1 2 2
26 43 39 27 8 7 7 5 5 4 3 1 1 2 1 1 1 2 2 0 1 11 3 1 2 3 1 3 1 27 1 3 3 2 1 2 2 1 2 2 2 4 10 12 3 3 5 10 11 7 4 9 7 10 29 17 16 5 4 6 9 4 3 2 3 5 270 3 2 4 3 2 1 2 1 2 2 2 1 1 5 1 1 1 3 0 0 0 0 2 1 0 2 2 1 3
5 8 8 13 25 16 4 5 5 5 2 2 1 0 1 1 1 1 1 0 1 8 0 2 1 2 1 1 2 21 2 1 3 0 1 2 0 0 1 4 4 5 5 13 19 5 6 7 17 11 4 2 7 15 23 44 61 63 15 10 14 25 5 4 3 9 3 3 3 2 2 2 2 0 1 0 1 1 1 1 2 1 0 0 0 2 1 0 0 0 1 3 0 4 53 48
2 4 7 5 6 14 18 10 7 1 3 3 2 2 1 0 0 1 0 0 1 3 1 1 0 1 1 0 1 15 3 1 0 2 0 1 0 1 0 1 3 4 4 4 8 20 10 7 11 24 5 3 4 3 3 4 7 21 69 22 17 19 44 31 16 10 5 2 1 1 1 1 1 2 1 1 0 0 0 0 0 1 1 0 0 0 0 1 0 2 2 3 5 63 4 2
3 2 4 4 4 2 7 8 8 8 7 5 4 4 3 2 1 0 0 0 0 0 0 0 0 0 0 0 1 5 6 2 0 1 0 0 1 0 2 1 1 3 5 6 6 6 17 16 11 35 5 3 1 2 4 4 1 3 17 50 19 11 10 22 58 3 1 3 3 2 2 2 1 1 1 1 1 2 1 0 0 0 0 1 1 1 1 1 8 134 126 117 111 44 3 3
1 2 1 4 3 3 3 6 4 5 4 4 3 1 1 0 0 0 0 0 0 1 0 0 0 0 0 0 1 2 4 0 1 0 0 1 0 2 1 2 4 3 3 5 8 6 5 10 20 43 12 4 1 2 1 1 4 4 11 26 27 14 12 31 5 2 3 2 2 3 3 2 3 3 2 2 3 0 0 1 0 1 1 2 9 24 155 146 138 4 3 2 2 2 37 3
0 0 1 1 2 4 1 1 3 4 3 3 2 2 1 1 1 1 0 0 1 1 3 1 1 0 1 0 1 1 1 1 0 1 2 1 2 2 3 3 3 4 7 6 9 14 7 5 6 25 53 4 1 2 2 3 3 5 10 21 14 23 20 22 2 1 1 1 2 2 3 5 6 4 4 3 1 1 1 1 1 5 214 203 186 159 20 4 1 5 4 2 1 1 3 29
3 4 4 3 3 2 4 4 3 3 3 2 2 2 1 2 1 1 1 1 1 2 7 1 1 1 3 2 1 0 1 0 0 0 1 3 3 2 4 5 5 5 5 6 6 7 17 12 7 8 79 3 3 2 3 2 3 4 7 18 22 7 10 361 329 4 320 319 313 306 17 10 6 5 3 3 1 1 2 24 196 189 3 10 2 5 5 15 5 1 4 3 1 1 2 2
14 14 9 8 5 4 5 4 3 4 3 2 3 1 1 2 2 3 1 2 1 4 9 3 1 3 6 2 1 1 0 0 0 1 2 3 4 4 2 3 4 5 7 8 7 5 4 14 17 5 88 4 2 3 3 4 3 4 6 11 24 19 21 12 8 328 6 2 1 3 282 280 4 2 4 238 234 229 222 183 3 1 2 4 7 1 5 7 8 4 1 3 2 1 0 2
17 12 8 7 8 6 3 3 5 2 3 3 1 1 1 4 4 3 1 3 1 14 4 2 2 11 3 1 1 0 0 0 0 1 1 3 7 6 6 4 5 7 6 10 16 8 6 5 8 18 17 81 3 2 5 5 5 2 5 7 15 97 39 5 2 3 2 3 1 1 2 3 271 262 248 6 4 1 3 11 4 3 1 3 4 3 2 3 6 5 4 2 2 1 0 1
3 3 8 7 6 6 5 3 1 3 2 2 2 1 3 3 7 3 1 4 1 19 3 3 8 10 1 1 0 1 0 1 0 0 2 3 4 12 19 18 11 6 7 7 9 23 27 7 8 15 25 95 2 3 2 5 6 6 2 4 12 41 22 21 13 5 5 2 2 1 2 1 3 5 7 2 2 3 1 4 7 2 2 1 2 3 2 3 2 3 3 1 1 1 0 0
7 6 5 4 3 2 1 2 3 3 3 3 2 1 3 3 10 3 2 5 2 23 3 3 19 4 2 2 2 1 0 2 0 2 2 3 4 5 5 13 21 29 31 16 10 10 14 37 35 21 28 136 6 2 2 3 7 6 6 2 17 4 8 18 11 12 7 5 4 3 1 2 1 3 3 4 1 1 2 1 4 4 2 1 1 1 2 1 2 1 1 2 1 0 0 0
4 3 2 1 2 2 2 4 4 4 4 3 2 0 4 2 16 3 1 6 4 24 3 23 6 1 3 2 3 3 3 0 0 0 2 3 3 3 2 2 6 7 11 29 34 37 19 14 13 24 32 44 182 2 3 5 4 8 7 21 5 3 5 9 16 9 7 5 4 2 2 1 2 1 1 1 3 0 0 1 3 2 1 1 0 0 0 1 1 1 1 0 0 0 0 1
6 5 4 4 2 1 5 5 5 5 2 3 2 2 2 3 21 3 1 7 23 7 5 30 2 4 6 10 6 3 1 0 0 1 2 2 2 3 5 4 2 2 2 3 8 9 25 35 26 12 6 6 8 192 1 2 8 10 26 15 1 3 1 3 9 9 8 5 4 4 3 2 1 1 0 0 1 2 2 2 2 2 3 3 2 1 1 3 2 2 1 1 0 0 0 0
3 2 1 1 1 6 7 6 6 3 3 1 3 3 3 3 26 2 6 5 26 5 12 27 5 16 11 4 3 1 1 0 0 1 0 2 4 5 6 8 10 4 3 5 6 6 10 9 24 41 11 5 6 4 191 4 1 15 6 1 4 1 2 2 6 2 6 6 3 1 1 1 1 1 1 1 0 2 1 0 0 1 1 0 1 2 3 0 0 0 0 0 1 0 0 1
4 3 2 2 7 14 14 10 5 4 2 0 4 3 5 3 30 3 8 6 24 6 41 6 20 6 4 4 3 2 1 0 1 1 1 1 3 4 6 10 14 24 28 30 33 38 44 56 65 63 44 13 4 7 6 192 5 11 5 4 2 2 2 1 2 4 1 4 3 4 3 2 2 1 1 0 0 3 1 2 2 2 2 2 2 3 1 1 2 2 1 2 0 1 0 1
1 1 3 7 19 11 6 6 4 1 2 1 5 2 4 7 35 10 1 8 25 10 44 22 7 7 5 2 1 2 0 1 1 1 2 1 1 3 3 3 4 5 5 6 7 8 8 3 3 13 73 115 125 4 8 9 198 198 3 4 3 3 1 1 0 3 1 0 3 2 2 1 1 1 1 0 1 5 2 3 4 3 2 2 3 3 3 4 2 1 3 1 0 2 0 1
1 3 1 29 14 10 7 2 2 3 1 1 4 2 5 12 44 4 3 11 24 39 39 14 10 6 4 4 2 1 0 2 1 3 1 2 1 1 2 3 2 2 4 3 3 3 3 3 4 4 5 6 13 140 8 4 200 5 2 1 1 1 1 1 1 0 2 2 1 1 0 2 1 2 0 1 4 5 3 7 4 4 3 2 5 5 7 4 2 4 1 1 1 3 1 1
4 0 9 39 8 3 2 3 4 1 2 1 4 3 3 12 53 3 3 8 30 97 25 10 6 3 3 0 1 1 1 3 1 4 1 2 3 1 2 1 3 3 2 4 4 2 2 2 1 3 3 3 2 3 141 148 62 8 7 6 5 4 3 2 2 1 0 1 1 1 2 2 1 3 2 1 5 7 5 11 4 4 4 5 5 11 4 1 4 2 2 2 3 2 2 1
2 2 49 7 3 4 3 4 2 2 2 2 1 5 6 11 60 4 1 4 141 11 4 3 2 3 2 2 1 1 2 2 3 4 4 1 3 3 2 3 2 3 4 3 3 4 2 2 2 2 4 3 4 4 3 6 150 3 4 3 2 2 2 2 0 0 2 0 1 2 5 2 3 4 2 1 6 9 9 13 4 5 7 8 12 4 1 4 3 3 2 4 4 1 3 2
1 48 12 3 4 2 5 2 2 3 2 3 1 5 11 10 65 2 1 1 154 3 4 5 4 2 1 1 2 1 3 0 6 5 5 3 2 2 4 3 5 3 3 4 7 6 5 3 3 2 1 4 5 2 3 10 5 3 3 2 1 1 1 1 2 3 0 2 1 6 6 1 5 5 2 2 6 10 21 8 4 7 14 14 6 2 4 4 3 2 5 5 4 3 5 9
7 55 4 9 10 9 3 2 3 3 2 4 1 7 15 11 66 1 1 0 163 6 3 2 2 1 2 2 1 2 1 3 4 7 7 4 3 3 2 5 2 5 4 4 4 10 15 8 4 3 2 2 3 6 4 8 2 2 1 0 2 2 2 2 3 0 2 2 3 8 7 2 6 5 3 2 7 12 29 5 5 28 15 4 2 5 4 3 3 5 5 7 31 24 15 4
61 32 25 15 6 4 2 1 5 3 3 5 1 9 20 50 27 0 2 162 5 3 4 3 4 3 2 2 1 3 0 4 3 10 8 6 4 4 2 2 6 3 6 6 6 6 8 22 30 33 4 2 3 4 6 9 2 2 2 3 3 3 3 4 1 1 2 3 4 11 6 7 5 5 3 3 8 38 11 6 37 9 3 3 4 4 4 4 5 68 60 44 7 4 2 2
37 5 5 3 3 0 1 2 5 6 2 6 0 12 22 78 1 1 2 169 5 5 6 6 4 4 3 2 0 1 3 1 7 6 11 10 6 4 3 2 3 7 6 7 7 6 7 7 8 12 47 53 56 60 9 2 3 2 2 3 5 4 5 2 2 1 4 2 6 11 9 7 7 5 3 12 24 45 8 39 4 3 4 1 7 4 5 86 77 6 3 5 6 5 3 1
2 3 2 1 0 2 1 2 6 8 2 2 5 9 107 2 1 1 3 175 7 7 8 6 5 4 3 2 0 0 2 5 4 9 8 12 12 4 5 4 3 3 5 6 6 6 4 3 5 5 5 4 5 8 80 3 1 3 1 6 8 8 3 1 3 4 5 5 2 7 13 11 17 11 11 89 64 20 411 194 3 4 0 8 153 141 129 36 10 6 5 2 2 3 2 1
2 1 0 1 1 2 2 2 6 11 3 2 2 11 115 1 1 2 4 183 13 12 7 7 5 3 2 2 0 0 1 2 6 10 7 7 12 13 6 8 4 4 2 5 5 5 6 5 1 1 3 4 5 3 9 1 4 1 5 12 9 2 2 3 2 10 6 1 2 2 11 62 28 14 6 5 3 4 2 173 354 177 173 160 3 3 3 3 23 15 6 5 3 2 3 2
2 1 2 1 4 1 2 1 5 16 4 0 3 8 125 2 2 1 5 200 13 9 7 6 3 3 1 1 1 0 1 2 4 13 11 4 7 14 16 10 6 4 4 2 6 10 7 9 6 4 2 3 3 4 11 41 27 29 22 20 3 3 1 3 6 15 2 2 1 2 36 21 2 4 5 5 3 2 3 3 7 161 4 4 3 3 2 2 3 9 10 7 4 2 1 1
2 2 1 3 4 3 2 2 6 19 3 0 1 7 135 0 3 2 210 20 12 8 6 3 2 2 2 1 1 0 1 2 3 7 20 5 4 8 20 18 11 5 3 5 2 3 9 10 13 7 3 2 1 2 8 3 6 16 28 9 9 79 77 73 281 64 3 3 8 41 22 3 4 2 4 4 2 4 2 4 2 155 3 2 4 3 2 2 3 3 4 4 4 2 1 0
2 3 3 7 3 1 3 3 24 6 1 0 1 2 146 1 3 9 233 12 6 4 4 2 3 3 2 1 1 1 1 2 5 6 14 24 12 9 13 30 20 7 3 6 4 2 4 6 9 15 8 4 4 13 8 3 3 0 2 3 4 4 8 15 8 187 59 51 42 4 4 5 4 4 1 5 2 3 2 4 2 146 5 5 2 1 2 1 1 2 2 3 2 2 1 0
25 19 14 5 2 2 3 3 32 2 1 0 1 2 153 3 2 257 13 8 7 5 3 2 2 3 3 2 1 1 1 2 3 8 15 9 21 27 24 33 48 18 9 6 7 5 1 5 5 8 21 13 12 22 11 3 2 2 1 2 3 3 6 9 7 4 177 2 2 4 3 4 3 2 3 2 3 1 3 3 2 4 139 6 4 4 3 2 1 0 1 2 2 1 0 0
3 2 2 0 2 2 4 1 39 1 1 1 1 1 157 3 272 11 7 4 3 2 0 2 4 4 4 2 2 0 0 0 1 2 2 14 7 7 15 20 41 69 35 15 11 12 7 2 4 5 7 19 39 10 15 14 12 6 3 1 2 3 5 8 6 3 173 4 1 1 3 2 3 3 1 2 2 1 3 2 4 4 7 121 8 4 3 3 2 1 0 0 0 1 1 0
0 0 0 1 2 2 4 3 43 1 1 1 1 2 163 281 5 2 4 6 5 4 3 3 3 7 5 3 1 0 0 1 0 1 4 8 12 4 5 6 11 28 80 110 116 33 22 21 5 3 5 5 16 9 5 8 6 9 6 2 2 2 4 7 5 3 5 163 3 2 2 3 2 3 3 2 1 2 1 2 3 3 3 114 5 6 6 5 5 5 4 3 2 1 0 0
1 1 1 1 3 2 3 7 46 1 1 2 2 1 452 3 3 4 3 2 1 0 2 3 7 10 5 2 1 0 1 0 2 3 4 8 15 12 4 6 6 9 13 15 23 118 101 17 23 8 1 18 22 5 4 4 4 4 3 5 1 3 3 6 4 3 4 11 147 7 6 5 5 4 5 5 3 1 1 2 2 3 4 1 105 6 5 4 3 2 1 1 1 2 1 0
2 1 1 2 4 1 4 11 46 3 1 2 3 291 459 3 2 2 1 0 1 2 2 5 13 11 2 2 0 2 1 1 0 1 2 3 9 20 15 8 8 4 4 3 3 4 47 138 36 13 8 11 4 4 4 3 3 4 3 2 4 1 3 5 3 5 2 8 12 126 18 6 5 4 3 2 4 4 2 1 2 2 3 1 3 94 34 8 4 3 4 4 3 0 0 1
1 1 3 2 5 1 5 11 51 2 2 2 3 469 3 2 2 0 2 2 2 1 2 6 26 2 3 1 2 3 0 1 1 0 1 2 3 5 18 8 3 5 5 3 3 4 2 8 192 29 1 1 1 3 1 3 3 2 3 2 3 1 3 4 3 3 2 8 9 26 79 78 63 10 7 5 3 2 2 3 1 2 2 1 2 49 7 27 26 21 12 6 4 3 1 1
1 3 3 3 6 2 4 55 12 3 2 5 482 4 2 2 0 3 1 3 1 2 2 22 17 4 2 2 5 1 1 1 0 2 1 1 2 5 8 17 9 3 2 7 3 2 5 5 15 1 1 1 1 1 2 2 1 3 1 2 1 3 0 5 2 2 4 6 6 12 17 5 13 56 24 19 12 5 3 1 2 2 1 1 1 36 10 3 2 3 6 5 1 0 0 2
2 3 3 4 6 4 5 64 7 4 496 491 3 1 1 0 3 3 1 3 3 2 3 39 5 3 2 5 4 2 1 1 0 1 2 3 3 3 7 29 5 5 4 1 7 5 3 4 5 0 0 2 3 2 3 2 3 1 3 2 1 0 2 1 4 1 3 5 5 6 18 6 3 4 32 8 9 12 8 4 2 2 1 1 1 24 14 3 2 1 2 1 2 1 0 0
2 2 4 5 4 7 6 67 513 501 2 2 0 2 1 3 2 5 4 1 4 3 5 44 3 2 5 8 3 2 1 1 1 1 1 1 3 4 2 9 29 8 3 5 2 5 5 3 8 3 5 5 3 5 6 5 4 4 3 3 4 2 1 1 3 1 3 4 3 5 11 7 4 3 6 22 4 3 4 3 2 1 2 0 2 20 5 8 2 1 0 1 0 2 2 1
4 1 3 2 6 9 7 590 3 0 0 0 1 0 1 2 6 7 3 3 4 4 49 4 2 5 11 4 3 1 1 2 1 1 2 3 3 3 5 2 25 20 5 3 6 3 5 4 4 11 9 8 8 4 2 3 7 6 5 5 4 4 1 1 1 2 2 3 2 4 7 7 1 5 3 11 12 3 2 3 1 1 2 0 2 16 3 5 3 1 0 0 1 0 1 4
2 2 3 2 7 8 614 6 4 3 2 1 0 2 1 2 9 7 3 6 4 6 58 8 8 12 10 7 2 2 1 2 1 1 2 2 5 6 5 6 5 38 8 5 5 7 6 4 84 59 34 27 24 22 18 11 5 7 8 6 5 3 3 1 1 2 0 3 1 3 4 5 3 3 2 4 12 4 2 1 2 0 2 0 3 10 3 2 4 0 0 0 0 1 0 2
3 4 1 2 2 636 4 6 6 5 2 0 2 1 2 3 12 6 6 6 6 65 8 15 22 15 7 4 6 2 2 1 1 1 2 3 4 7 14 16 12 8 39 7 5 7 14 76 80 24 30 22 20 18 16 14 11 7 4 3 2 2 2 2 1 0 1 1 1 2 2 4 2 2 1 3 4 7 3 2 1 1 1 1 3 4 3 2 1 1 0 0 0 0 2 1
3 2 1 2 604 644 3 1 1 2 3 3 0 2 2 12 6 7 8 9 76 16 13 13 5 5 4 6 4 3 2 1 0 2 2 3 3 5 2 7 18 27 16 44 10 10 33 88 5 3 9 9 6 2 3 7 8 7 6 5 4 4 3 2 1 1 0 0 1 1 1 1 1 1 2 1 2 4 4 2 1 0 0 2 1 3 2 1 0 0 0 0 1 1 1 3
2 1 2 9 635 1 2 3 2 1 0 0 1 3 1 18 4 7 8 92 16 13 15 7 7 5 5 2 1 2 0 2 0 1 3 4 4 2 6 6 4 7 25 19 49 50 56 5 4 4 2 7 3 6 5 4 3 2 2 2 2 2 2 3 3 3 2 1 0 0 0 0 0 0 0 1 2 1 2 4 3 3 1 0 1 2 1 0 1 2 4 1 1 2 2 1
1 2 0 646 4 3 2 1 1 0 1 0 1 1 5 20 7 6 18 99 9 9 6 6 9 7 4 3 2 1 0 2 1 1 2 5 5 6 6 4 7 7 6 24 11 8 7 2 2 4 4 1 6 6 5 4 4 4 4 3 3 4 5 2 1 0 0 0 0 0 0 1 1 0 0 1 5 16 16 12 7 2 2 1 0 1 0 0 1 2 3 9 29 33 39 47
0 3 0 651 1 2 2 1 0 2 0 1 0 3 2 18 17 7 117 9 9 9 9 14 6 4 3 2 2 1 0 2 2 1 2 3 4 7 7 10 8 5 8 13 24 20 5 0 0 0 2 5 4 3 3 4 4 4 4 5 4 3 1 1 1 1 1 1 1 1 2 1 0 1 2 10 16 4 2 3 6 6 2 0 0 0 0 1 1 2 10 16 1 3 5 5
1 3 652 5 4 2 1 2 3 1 0 2 1 3 2 6 33 8 118 14 14 15 14 5 4 4 3 5 2 1 0 2 2 2 3 3 4 5 6 8 9 10 7 10 42 11 1 3 2 2 1 2 1 3 3 3 3 5 5 5 4 3 2 2 2 2 2 2 2 2 3 1 2 0 31 27 4 2 2 1 1 2 2 1 0 0 0 1 2 6 3 1 1 2 1 17
3 2 659 4 3 2 4 3 1 1 1 3 1 3 4 2 47 4 121 24 74 53 40 32 26 19 14 5 2 1 0 2 2 2 2 4 5 4 6 6 8 12 14 51 4 3 2 2 1 0 2 0 2 3 3 3 5 5 4 4 4 2 2 3 3 3 2 2 3 4 4 2 2 39 6 3 3 3 2 2 1 0 1 1 0 1 0 0 1 2 1 0 1 1 11 5
3 2 670 8 7 6 2 2 2 1 2 3 2 2 6 3 50 12 221 103 3 3 1 1 2 1 0 2 2 1 1 2 3 2 2 2 4 5 4 6 9 11 76 50 25 0 1 0 1 3 1 2 3 6 4 6 5 6 5 5 4 3 4 4 4 3 3 3 4 5 4 4 47 8 7 6 5 4 3 2 1 1 0 0 0 1 2 2 1 2 0 1 2 7 4 2
5 683 9 5 3 1 3 2 1 3 4 2 2 3 5 6 199 141 5 8 11 6 2 1 0 1 1 0 1 0 2 2 4 3 1 2 2 4 7 5 6 9 22 1 1 531 522 503 498 13 5 5 437 443 418 404 12 6 6 4 2 5 5 5 4 3 4 4 7 6 60 54 6 2 2 2 2 3 2 2 2 1 0 0 0 1 3 2 2 0 0 1 4 1 1 1
0 5 3 1 4 4 2 3 2 5 3 2 0 5 6 92 129 3 5 5 2 4 6 3 2 1 0 0 2 1 2 2 7 3 1 2 3 5 5 7 9 10 18 1 1 3 2 15 12 488 491 481 28 7 13 15 392 381 358 338 326 313 296 282 272 260 233 214 207 67 6 4 3 4 5 7 6 4 3 2 1 0 1 0 0 0 2 7 8 1 1 2 0 0 0 0
0 3 8 4 1 1 4 5 4 6 1 2 0 2 9 227 3 3 2 2 4 1 0 2 1 0 1 0 3 0 3 4 6 6 3 1 2 1 5 10 11 14 3 2 1 2 1 4 2 6 3 11 11 7 4 4 7 9 10 11 8 7 7 6 3 7 21 15 4 128 122 116 5 7 9 6 4 3 3 1 0 1 1 1 0 1 0 1 17 0 0 0 0 1 2 3
0 1 9 2 0 3 5 8 9 2 2 1 0 1 248 4 5 4 2 0 0 2 2 1 0 1 1 1 1 3 4 3 4 10 5 2 2 3 4 4 6 12 2 2 1 1 2 2 1 5 2 5 11 5 7 3 5 7 7 8 9 7 7 4 7 3 8 15 6 3 4 2 109 99 17 9 6 4 2 3 3 2 1 1 1 0 2 0 20 1 0 0 1 0 1 1
0 3 6 10 7 4 8 18 3 2 1 2 0 21 254 3 2 2 1 2 2 1 0 0 2 0 2 2 1 2 6 4 4 6 13 4 1 2 0 2 3 9 3 2 2 1 0 1 2 2 2 3 6 9 1 6 5 5 4 5 9 7 4 6 6 2 5 10 9 4 4 2 3 1 73 7 7 6 5 4 2 2 1 1 2 1 0 3 1 24 0 1 0 2 3 2
1 3 4 5 2 8 1 11 3 1 2 2 5 260 2 3 3 2 2 1 0 0 1 0 3 1 3 3 0 3 7 5 3 5 13 10 2 2 3 1 1 8 5 4 3 2 2 1 0 1 3 0 4 6 4 4 2 4 5 4 5 7 5 4 4 5 2 5 8 6 3 3 2 1 4 64 5 4 4 2 3 2 1 1 2 2 2 1 4 28 2 1 0 1 0 4
1 3 2 4 1 2 2 6 3 2 2 3 267 3 2 1 1 0 1 1 1 2 0 4 1 2 4 3 2 1 11 6 3 4 5 20 6 1 2 3 10 311 304 2 2 3 3 2 2 1 0 2 2 3 3 2 4 1 4 3 4 5 4 4 4 4 1 4 3 7 4 2 2 1 2 2 56 3 3 3 4 2 1 1 2 3 3 1 37 4 2 0 0 2 5 3
1 2 2 1 2 1 3 6 13 333 74 275 3 2 2 1 0 2 1 2 2 2 1 5 1 3 5 3 3 1 8 13 3 2 6 13 17 4 2 6 6 2 2 300 293 2 4 3 2 1 1 0 1 1 2 2 1 3 2 2 3 3 4 3 3 2 2 2 3 4 4 2 1 1 2 1 40 44 11 11 5 3 1 1 0 4 5 2 45 2 0 1 1 1 3 9
0 1 2 1 1 2 4 5 5 54 342 16 4 3 2 2 2 3 3 4 2 1 4 4 2 4 6 3 3 2 6 19 4 2 5 5 26 7 5 6 3 4 0 4 4 283 3 2 2 2 3 2 2 2 1 2 2 1 2 1 2 2 3 2 2 2 1 2 1 1 4 1 1 1 1 1 3 3 25 5 2 0 1 2 1 3 10 5 57 6 5 1 1 0 1 1
0 1 1 2 3 5 5 4 11 45 25 36 3 3 3 2 2 7 8 4 2 2 4 5 2 5 7 0 5 4 5 24 5 2 3 5 91 36 4 2 1 3 2 2 4 4 269 264 4 4 2 2 3 3 3 2 2 1 1 1 1 1 1 2 1 1 1 1 0 1 1 1 0 1 0 0 2 2 2 12 10 5 0 1 3 4 7 80 2 2 1 0 1 0 1 1
0 1 1 2 4 5 3 6 50 11 32 12 1 2 1 2 19 13 4 1 3 1 6 5 3 5 4 4 2 6 7 28 5 3 3 9 43 73 2 1 1 1 4 0 4 2 2 5 253 4 5 5 2 3 4 3 2 2 1 1 1 0 0 0 1 1 1 1 1 0 0 0 0 0 0 2 0 1 0 2 1 2 1 0 0 1 2 91 2 1 0 0 0 0 0 1
0 0 2 3 4 5 41 45 6 27 4 8 17 9 2 25 9 5 5 4 1 1 7 7 8 1 3 4 3 3 12 32 4 244 9 5 7 1 70 2 2 1 0 3 2 2 1 4 5 239 5 7 6 3 1 1 1 1 1 0 0 0 0 0 0 0 0 0 0 0 1 0 0 0 0 0 2 1 0 1 0 0 1 0 1 1 91 7 4 3 2 1 0 0 1 2
0 1 3 4 5 34 4 2 29 4 2 4 10 8 40 11 3 2 0 1 1 3 7 8 9 2 1 4 4 5 13 36 14 9 239 2 0 2 2 65 4 2 2 0 3 1 1 3 4 6 222 178 3 4 3 3 2 1 1 2 2 1 1 1 1 1 1 1 2 2 1 1 0 0 1 4 0 1 1 0 0 0 0 0 0 1 107 9 6 4 2 1 0 0 1 2
0 2 2 4 27 3 3 8 20 3 2 5 11 4 48 11 2 0 2 1 2 4 7 10 10 2 0 2 5 15 15 45 2 3 6 231 3 1 1 3 57 26 5 3 0 2 1 2 3 5 6 34 194 4 2 2 2 2 2 2 1 2 1 1 2 4 6 6 4 3 1 0 1 0 2 7 2 0 1 0 0 0 0 1 1 100 11 5 4 3 2 1 0 0 1 2
0 1 2 16 7 3 1 24 3 1 2 7 8 3 3 7 6 3 1 2 3 4 6 16 10 1 0 1 6 12 3 0 2 2 6 222 6 2 2 1 5 29 17 8 4 1 2 1 2 4 5 7 23 161 140 127 3 3 3 2 3 1 3 3 10 12 7 4 3 2 1 1 1 0 2 13 1 2 1 1 0 0 1 1 2 111 4 3 2 1 1 0 0 0 0 0
0 1 7 11 2 2 6 17 2 1 5 5 3 4 1 2 5 3 1 3 4 4 7 24 4 2 1 5 10 3 3 2 1 1 5 1 218 8 5 5 4 4 32 9 5 4 1 2 1 3 4 6 11 25 4 8 122 111 100 78 2 3 4 19 11 4 3 4 4 1 2 0 2 0 2 19 7 4 1 0 1 0 1 3 4 118 2 1 1 1 0 0 0 1 1 1
0 1 10 4 2 1 17 2 1 3 2 4 3 1 2 1 1 550 13 7 16 15 17 24 244 18 27 13 5 5 1 2 1 1 4 1 104 106 99 2 2 4 4 27 24 2 3 2 2 2 3 5 8 20 6 4 5 5 4 17 77 68 59 34 21 15 10 7 4 3 0 1 1 2 24 9 2 1 1 0 2 0 1 1 120 9 3 2 1 0 1 0 0 1 2 2
0 6 4 1 2 6 9 2 1 2 2 1 2 1 0 1 532 4 6 7 10 10 9 41 244 252 19 12 7 4 4 3 1 1 3 1 8 96 4 95 5 3 4 6 9 27 11 3 2 2 3 4 7 12 9 4 3 4 4 7 3 3 4 2 5 4 4 2 0 1 1 1 1 3 37 3 2 1 1 1 2 0 1 2 127 13 3 2 2 2 0 1 0 1 2 3
2 3 3 1 3 7 3 0 2 1 0 1 0 0 1 1 531 2 5 5 9 9 6 4 5 235 6 14 10 6 7 2 2 1 2 3 2 95 2 2 88 15 4 2 6 3 15 11 5 2 3 3 5 9 8 4 2 4 3 2 5 2 2 2 1 3 2 1 2 0 2 2 1 2 51 6 4 3 2 0 3 0 1 2 143 5 4 3 2 1 0 0 2 1 2 3
2 2 1 2 3 3 2 1 0 0 1 1 2 3 2 525 1 2 4 4 8 8 5 4 4 6 227 6 8 9 4 4 1 1 2 3 0 91 2 1 3 71 15 7 3 5 4 8 6 5 3 3 4 5 7 3 2 3 3 1 3 1 1 2 3 2 1 2 0 1 3 3 1 62 6 5 4 2 1 0 4 0 1 148 6 3 2 3 1 0 1 0 1 3 3 2
1 2 0 2 3 1 0 1 2 3 3 0 0 228 512 7 1 1 3 3 7 7 4 5 2 3 223 4 6 4 6 3 3 1 1 2 2 84 2 1 2 3 62 9 8 5 4 4 7 3 5 2 4 4 4 4 1 1 3 1 1 1 0 0 0 2 2 0 1 2 4 4 1 66 1 0 0 2 0 1 5 0 1 16 152 3 4 1 1 0 2 0 2 4 6 5
0 1 1 2 0 1 2 2 3 1 2 216 225 3 2 277 3 0 3 2 6 6 3 5 1 4 214 5 3 6 2 5 2 2 0 2 2 78 3 2 1 2 49 10 5 7 5 4 4 4 3 5 2 3 3 2 1 1 2 0 1 1 3 1 3 1 0 2 1 3 3 6 70 1 0 1 3 0 2 1 4 3 0 180 12 7 4 3 2 0 0 4 5 7 10 17
0 1 1 1 2 2 3 4 5 7 201 8 4 4 2 272 1 2 0 3 5 5 3 4 1 4 201 6 8 4 4 3 4 2 1 1 4 4 69 2 1 2 4 45 8 5 5 4 3 4 3 4 2 2 1 2 1 0 1 0 0 1 5 3 4 1 2 2 2 4 5 6 73 1 2 3 1 2 2 2 3 9 204 159 11 11 7 4 2 0 0 3 4 6 10 16
0 0 1 1 2 3 4 3 4 186 5 6 4 3 1 265 5 2 1 2 5 3 3 3 1 7 9 185 2 6 7 2 3 2 1 1 3 3 63 4 2 1 3 31 9 6 5 4 3 2 4 2 3 1 1 1 0 1 1 1 0 0 2 13 2 2 2 3 3 5 8 102 91 12 9 4 2 3 2 3 6 229 20 18 4 3 4 4 1 0 1 1 3 3 5 5
0 1 2 3 2 2 2 4 169 8 4 5 4 2 3 252 5 5 2 1 4 3 4 1 3 5 10 169 7 3 3 6 3 2 2 0 2 6 52 5 3 1 3 4 25 5 4 4 3 2 2 3 2 0 1 0 0 0 1 2 1 1 1 17 4 2 3 4 10 130 111 3 2 5 8 8 56 76 34 15 9 3 3 4 14 4 1 1 1 0 1 0 2 4 4 4
0 1 2 1 3 4 5 150 12 7 3 6 3 2 1 243 5 3 3 2 1 5 3 1 4 6 7 151 13 5 3 2 3 4 1 1 2 4 4 47 3 3 2 3 13 10 4 3 3 2 2 2 0 1 0 0 1 2 0 2 4 1 2 29 34 26 17 19 9 4 4 3 1 2 4 4 3 10 44 5 4 3 1 3 2 9 4 1 0 0 0 1 0 1 1 3
0 1 3 6 9 12 135 9 11 6 3 4 3 1 3 236 1 3 3 2 0 5 2 2 3 7 5 9 138 9 6 4 2 1 3 0 1 4 3 41 4 2 2 2 5 12 5 3 2 2 2 0 1 0 0 1 0 0 3 2 4 5 13 40 7 26 5 5 2 3 2 3 1 2 3 4 1 4 36 4 4 3 2 1 2 1 5 1 1 0 0 0 1 1 2 4
