Flow_accumulation.asc
ncols        1010
nrows        1398
xllcorner    419764.000000000000
yllcorner    4215230.000000000000
dx           20.001980198020
[rows 684 to 759 of 1398, columns 192 to 287 of 1010]
28 1 2 0 1 2 4 2 6 346 3 1 30 1 0 0 0 0 1 0 0 0 1 1 1 0 0 0 0 2 3 5 15 5 2 2 1 2 1 95 16 3 2 2 1 1 0 0 1 1 2 2 20 22 1 32 46 33 5 31 61 63 64 4 1 2 0 89 1 1 0 0 0 1 0 0 0 1 1 2 1 1 3 3 4 5 4 1 1 2 2 2 3 2 0 1
9 3 1 0 2 1 2 4 348 1 3 1 2 24 2 1 1 1 0 0 0 0 0 0 0 1 1 0 0 1 3 6 9 2 4 2 2 0 3 42 56 5 4 3 2 1 0 0 1 2 3 17 2 0 2 9 3 2 1 0 3 1 6 73 4 2 90 3 2 0 1 0 3 0 0 0 0 0 0 0 0 2 3 1 3 3 2 1 1 1 1 2 1 1 3 27
8 2 0 1 0 2 3 4 340 2 2 0 1 1 18 16 2 1 1 1 2 2 1 1 1 1 0 0 0 0 2 5 6 1 4 2 1 2 3 40 42 8 6 4 3 1 0 0 1 5 10 2 0 1 1 6 2 1 0 2 0 1 2 1 14 19 97 2 0 2 0 5 2 1 1 0 0 0 0 1 2 2 0 1 1 2 1 0 1 2 2 3 5 7 21 2
5 2 0 0 3 3 5 5 325 8 0 1 0 0 4 350 22 3 3 3 2 1 2 2 2 1 1 1 3 2 1 3 4 2 3 2 1 4 13 23 34 7 3 3 2 2 0 0 2 2 1 0 1 1 1 3 1 0 1 0 1 1 0 0 1 1 122 0 2 1 12 5 1 0 2 2 0 1 0 0 0 1 0 0 0 1 0 0 1 1 3 4 4 7 6 1
5 0 2 4 3 4 2 7 319 6 6 1 0 1 2 10 330 13 7 5 44 41 36 30 25 21 16 11 4 1 1 2 3 2 3 0 4 3 10 18 11 22 3 2 1 0 0 0 0 0 0 0 1 2 2 0 0 0 0 1 0 0 0 1 0 1 2 3 1 16 2 0 0 2 4 2 0 2 0 1 4 0 0 0 0 0 0 1 1 1 1 1 3 2 2 1
3 3 3 3 4 5 7 7 305 2 2 4 2 2 3 7 138 179 142 45 1 0 0 1 1 0 1 1 1 1 1 0 3 1 2 1 3 5 8 13 7 7 15 2 1 1 0 0 0 1 1 2 2 3 1 1 0 0 0 1 4 1 1 0 1 1 2 8 17 2 0 0 1 3 8 1 0 2 1 3 6 1 0 2 0 0 0 0 0 0 1 1 0 0 1 1
3 2 3 4 5 8 11 276 20 2 1 0 3 2 4 5 131 25 15 102 3 2 1 1 2 2 1 1 1 1 1 0 2 0 1 2 1 4 10 7 5 3 6 9 2 0 0 0 1 0 1 0 1 1 5 2 1 0 1 1 2 10 2 1 0 0 1 26 10 0 1 0 2 13 2 1 0 3 1 4 10 1 1 2 1 1 1 1 0 1 0 0 1 1 0 0
2 3 4 8 9 10 14 265 10 3 1 0 3 3 3 4 127 20 4 4 98 92 87 82 70 0 2 2 2 2 2 2 1 1 0 1 2 2 8 6 4 2 3 2 4 1 1 1 2 1 1 1 0 2 10 4 1 1 0 1 2 3 20 0 1 0 0 1 35 2 0 1 1 19 1 1 1 2 4 16 1 1 3 4 0 2 1 2 2 0 2 1 0 1 0 0
3 4 8 7 8 9 182 69 11 3 2 0 3 3 2 10 113 12 10 4 4 3 2 2 7 68 5 2 2 1 0 2 1 1 1 0 2 1 6 5 2 1 3 2 2 2 6 6 5 2 1 1 2 0 2 16 2 2 1 0 0 1 24 2 2 0 1 0 34 1 0 2 0 24 2 0 2 0 6 21 2 0 6 4 0 3 0 5 3 1 2 2 2 2 1 0
4 4 1 2 3 130 63 45 10 5 1 1 4 1 3 19 98 7 6 7 4 3 1 2 5 7 52 43 35 13 7 3 2 1 0 0 1 2 3 3 1 1 2 2 1 3 4 11 22 34 42 7 50 66 74 97 103 6 1 1 1 0 0 28 2 1 0 2 248 1 0 2 1 27 2 1 1 2 30 2 1 1 11 2 0 2 2 7 4 2 2 3 4 3 1 2
3 3 4 4 116 17 55 32 17 4 3 1 4 0 6 83 26 3 3 9 3 3 1 2 3 5 5 5 3 19 15 12 9 5 2 1 0 2 1 1 1 0 1 2 1 2 3 2 2 3 3 46 16 6 1 1 3 111 118 2 1 1 1 310 346 197 204 209 8 208 2 3 1 29 3 2 2 3 34 2 0 2 15 1 0 1 4 5 9 2 1 6 6 4 2 2
4 7 95 109 9 14 47 26 17 3 3 2 4 0 7 78 24 2 4 3 4 2 3 1 2 3 2 5 3 4 2 1 1 2 2 0 0 0 0 0 0 0 0 1 1 2 1 2 1 2 1 7 3 3 0 2 1 1 105 127 130 269 273 33 2 4 3 4 1 1 6 13 6 33 6 6 5 4 37 1 1 3 18 1 0 1 1 5 16 1 3 5 10 5 3 3
72 85 9 7 8 16 39 17 17 6 2 4 3 2 8 34 57 3 1 3 3 2 2 1 2 1 2 3 2 2 2 0 0 0 0 0 0 0 2 3 2 1 0 0 0 1 1 0 1 1 3 3 1 2 1 0 1 1 1 1 132 3 1 31 1 3 2 3 1 1 3 3 2 2 2 3 13 18 40 6 2 23 1 1 1 1 1 2 23 1 3 3 16 6 4 3
12 5 7 6 10 18 30 11 15 7 3 3 4 3 7 23 54 9 3 3 2 2 2 2 0 1 1 1 2 0 0 1 1 0 0 0 1 3 3 0 0 0 0 1 0 0 0 0 0 1 3 1 1 0 1 2 2 3 3 4 130 1 1 25 4 1 2 2 1 0 2 1 1 1 1 0 1 0 43 46 34 28 1 1 2 1 1 2 12 17 3 3 15 28 6 9
6 6 4 7 8 21 20 8 11 6 5 3 5 6 6 18 45 7 7 2 1 1 0 1 1 0 0 1 1 0 0 1 0 1 0 1 2 4 5 1 1 1 2 0 0 0 0 0 1 1 0 0 0 3 3 4 4 2 2 112 11 1 1 3 21 2 0 2 0 1 1 0 0 0 0 1 1 2 2 27 5 7 7 5 4 2 2 1 2 40 39 16 10 12 3 7
5 5 4 6 7 17 16 8 7 8 1 6 5 6 6 13 22 24 5 6 4 3 1 0 0 0 0 0 1 0 1 2 1 2 1 1 2 8 7 1 2 4 1 1 1 0 1 0 0 0 1 1 2 1 2 3 6 11 103 4 9 1 1 4 15 2 0 1 1 2 3 3 0 0 0 0 3 9 24 3 4 2 2 3 7 79 71 10 20 8 5 4 2 2 2 2
5 3 5 5 6 13 14 7 6 6 2 5 4 6 6 12 13 15 13 3 3 1 2 1 0 0 0 0 2 2 2 3 3 2 2 2 2 10 9 3 6 2 2 2 0 1 2 1 0 1 0 1 1 2 2 3 4 7 81 3 6 2 3 1 11 2 0 1 2 2 4 9 14 3 1 143 105 6 8 6 3 2 2 2 2 70 6 6 7 5 4 3 1 2 0 1
3 3 4 3 4 12 11 6 5 5 3 4 3 5 5 11 10 8 15 4 1 2 1 0 1 0 0 1 1 6 3 5 4 2 3 3 3 5 17 6 7 3 1 3 1 1 3 2 1 2 0 1 1 1 1 2 2 80 2 2 3 3 3 1 5 2 1 2 1 2 4 3 5 20 134 4 2 4 6 6 2 2 2 1 5 63 5 5 6 4 2 3 1 0 1 1
3 3 2 2 3 10 8 6 4 4 3 3 2 4 5 9 9 4 7 9 2 1 0 1 1 1 0 1 2 6 7 8 5 2 3 3 4 3 24 11 5 2 4 2 2 2 3 3 2 2 1 1 2 1 2 1 3 71 2 1 2 2 2 2 1 2 0 2 0 1 0 2 4 5 101 1 4 3 5 5 2 1 1 3 61 1 4 4 5 2 2 2 0 0 1 1
2 2 2 0 2 9 5 7 3 2 3 2 3 3 2 6 9 4 3 6 4 0 1 2 1 1 1 1 2 5 13 10 6 4 2 4 2 5 27 15 5 3 5 4 2 4 1 4 2 1 4 2 1 34 43 51 70 1 1 0 1 1 1 1 1 0 1 0 1 2 3 2 1 5 91 2 2 3 4 4 1 1 2 2 57 1 4 3 4 1 2 0 0 2 18 148
1 1 1 1 1 6 4 4 3 2 2 2 2 1 3 3 8 2 3 2 2 2 2 2 3 1 2 1 2 5 18 14 7 4 1 4 3 5 27 21 7 7 6 4 7 6 7 1 2 4 11 22 30 4 4 4 5 7 0 0 0 0 0 0 0 0 0 1 5 7 13 16 19 83 8 3 1 3 3 4 1 1 2 3 49 1 3 3 3 1 0 0 2 2 139 4
0 0 0 0 0 4 2 3 2 2 1 1 1 1 1 4 5 1 2 1 1 1 3 4 5 3 3 1 2 3 25 19 7 3 1 4 4 5 29 28 15 17 23 23 20 9 4 2 2 3 3 1 4 2 3 3 2 4 2 0 0 0 0 0 0 1 2 3 3 4 1 3 4 54 5 2 3 1 3 3 1 1 2 4 39 3 1 3 2 0 2 3 3 128 5 3
0 0 0 0 0 2 1 2 1 0 1 1 0 0 1 1 4 0 1 1 0 0 1 2 9 7 2 2 3 2 34 18 8 3 1 5 3 7 37 57 50 36 20 12 3 6 4 1 2 2 2 3 1 2 2 2 1 1 2 2 1 1 0 0 1 0 0 1 0 0 2 1 1 44 9 3 1 2 3 2 1 1 3 5 29 3 1 3 1 1 0 1 101 19 6 3
1 1 2 0 2 0 1 0 1 0 0 0 0 1 1 4 2 0 0 0 1 2 3 4 7 21 4 4 2 4 36 23 7 3 1 5 4 7 157 63 24 18 11 6 4 3 1 3 2 1 1 2 1 1 2 0 1 1 1 7 1 2 1 1 2 0 1 0 0 1 0 0 0 3 43 2 2 2 1 2 1 3 2 7 19 2 2 3 0 0 1 4 100 9 8 4
1 4 3 4 0 2 1 1 0 0 0 1 0 0 0 1 2 1 0 0 0 1 2 3 4 8 32 4 3 4 15 54 5 3 2 6 5 186 18 9 11 10 13 11 8 4 2 2 2 2 0 1 1 1 0 2 2 3 3 7 4 3 2 2 3 1 2 1 0 0 0 0 1 36 4 3 3 1 1 2 1 2 3 7 10 3 2 2 1 2 3 86 5 7 8 4
2 4 6 5 3 0 0 0 0 0 0 0 2 1 1 5 0 0 0 0 0 1 1 2 3 4 6 41 39 4 5 70 4 4 2 210 201 7 5 5 4 4 3 7 7 7 5 2 1 2 0 0 1 0 1 1 2 3 5 58 76 64 5 2 4 3 3 2 1 1 0 3 13 32 5 3 1 2 0 2 2 1 3 7 5 2 1 2 2 3 5 78 5 5 6 5
2 5 14 4 1 2 1 1 0 1 0 1 1 3 4 7 1 1 0 1 0 0 1 2 3 4 5 6 18 54 6 74 5 226 220 6 4 2 2 2 2 2 2 2 4 2 3 1 1 0 1 0 0 1 1 1 2 2 51 5 2 23 88 97 106 182 116 7 8 4 3 44 7 15 9 2 1 1 1 1 1 2 1 6 3 1 2 1 0 2 4 68 3 4 5 5
3 8 18 2 2 2 2 1 0 2 0 2 1 5 6 10 1 2 0 1 1 1 1 2 2 3 5 4 5 12 66 76 237 4 2 2 2 3 2 2 1 1 1 1 1 3 2 2 1 0 0 2 3 0 1 2 4 43 3 2 1 0 1 1 3 280 1 2 2 1 0 36 4 6 13 8 3 1 0 0 2 1 1 3 2 0 2 0 1 2 61 3 3 3 4 4
4 12 19 3 3 3 1 1 1 2 1 1 3 4 19 4 3 2 0 2 2 1 1 0 2 2 3 5 5 6 152 387 142 136 127 116 106 3 3 2 2 2 2 1 1 2 2 3 3 1 2 1 3 13 17 30 34 1 3 1 0 1 1 2 7 164 1 1 1 0 1 30 2 3 6 11 8 4 3 0 0 1 1 1 1 1 0 1 2 2 54 3 2 3 3 2
5 24 13 4 3 2 3 1 1 2 2 1 3 6 26 5 3 2 0 3 2 1 2 2 0 2 2 4 5 5 481 80 6 7 10 11 9 105 2 1 0 1 1 3 4 5 7 5 2 2 2 0 4 1 8 3 2 3 2 2 3 4 3 27 164 2 0 1 0 0 1 26 2 2 3 4 7 7 3 4 1 0 1 0 0 0 1 2 3 46 7 2 2 2 2 2
6 35 7 4 4 4 3 1 1 1 3 2 2 3 37 8 3 2 2 2 3 2 1 2 3 4 5 5 4 7 568 6 3 3 6 7 7 8 96 90 82 3 5 15 15 9 4 4 3 2 3 3 0 6 2 2 2 2 6 12 18 27 43 26 3 105 1 0 0 0 2 19 3 2 1 2 3 3 4 2 1 0 0 1 2 3 4 4 4 38 2 1 2 0 2 1
7 43 5 5 6 6 3 1 1 1 3 2 3 3 6 52 3 1 5 1 4 3 2 1 3 3 2 3 7 8 16 5 4 3 3 4 9 8 5 4 6 74 59 22 14 10 7 3 1 2 3 2 2 3 2 1 3 4 7 6 8 10 5 4 0 100 6 2 0 1 3 18 2 2 2 1 1 2 2 1 1 0 0 0 1 2 3 3 32 7 1 1 1 1 1 0
9 50 17 17 11 5 2 1 1 1 2 4 2 4 2 61 3 3 4 2 6 2 1 2 1 1 3 2 2 4 11 7 4 2 3 2 6 10 6 2 3 3 9 18 6 5 4 4 3 1 3 2 4 0 2 3 3 6 3 5 8 3 1 2 1 82 10 2 0 3 0 16 4 3 2 2 2 1 0 0 0 0 0 1 2 3 4 7 25 6 4 1 1 0 0 0
108 42 21 5 2 1 2 1 1 1 3 4 2 3 3 69 4 4 4 5 7 1 1 2 1 2 2 4 4 8 8 3 3 3 2 2 4 7 6 3 3 2 4 6 11 5 3 2 2 2 2 1 3 0 2 2 3 2 3 3 3 3 1 0 1 76 6 5 0 2 1 7 11 6 6 5 4 3 3 2 1 0 0 1 2 2 3 5 9 6 7 7 3 2 1 0
4 3 2 8 3 2 1 2 2 1 4 2 5 2 4 6 75 4 4 17 5 2 2 1 1 1 3 2 12 16 3 1 2 2 2 1 3 4 6 3 1 2 2 3 5 7 4 2 1 1 1 2 2 1 1 1 1 2 2 3 2 0 1 2 64 7 5 2 4 2 1 2 97 2 1 2 3 2 1 1 0 0 0 0 1 2 3 3 7 4 4 4 4 3 2 1
5 2 2 0 3 0 3 2 4 1 4 5 3 3 3 5 84 8 24 5 2 1 2 0 2 3 2 4 27 5 3 3 1 1 1 2 0 3 5 2 1 2 1 2 2 3 4 3 3 1 1 1 1 0 1 1 1 1 2 3 2 3 3 51 8 6 4 3 3 2 2 5 40 64 9 6 3 3 2 0 0 1 0 1 2 3 4 5 99 3 2 2 3 2 1 1
3 4 1 0 1 0 1 4 5 4 4 5 3 5 3 4 95 32 2 1 1 0 3 0 1 4 6 3 18 5 3 1 1 1 0 1 1 1 2 2 2 1 1 0 1 1 2 2 1 1 0 0 1 0 0 1 2 2 4 5 6 6 8 47 4 2 4 4 4 2 3 9 6 55 9 5 3 2 2 1 0 2 0 2 2 4 4 6 91 3 3 2 1 1 1 1
1 2 1 0 0 0 1 2 8 13 6 6 6 3 5 2 134 2 2 1 0 1 1 2 2 2 6 12 8 2 2 3 3 2 2 1 0 0 1 1 1 1 1 1 0 0 0 1 1 1 1 0 0 0 1 1 2 3 2 3 6 10 29 6 2 3 3 3 3 3 4 6 3 25 21 7 5 2 1 1 0 0 3 2 3 2 4 4 82 11 2 2 2 1 1 0
0 0 0 0 0 1 1 1 1 6 22 9 6 5 5 5 140 2 1 2 2 0 2 0 2 4 4 9 4 2 1 1 0 0 0 0 0 0 0 0 0 0 1 0 0 0 2 2 1 1 0 0 0 0 0 1 1 2 3 2 1 12 5 4 1 2 3 2 3 4 3 3 2 5 23 14 11 7 3 1 0 0 1 3 4 5 5 6 95 5 4 2 1 2 0 1
1 0 0 0 0 0 1 2 4 5 7 31 41 9 5 4 149 7 6 4 1 1 2 0 1 1 2 18 3 2 1 1 1 1 1 1 0 1 2 1 1 2 1 1 2 3 1 1 1 0 1 0 1 0 1 0 1 2 2 3 5 5 4 2 1 1 2 1 3 2 2 3 2 4 7 7 4 5 3 1 1 1 2 4 5 5 7 7 104 3 2 1 2 1 1 2
0 3 1 1 0 1 1 1 2 2 3 4 9 50 8 6 160 4 3 2 2 2 1 0 1 1 21 5 2 1 2 1 2 2 2 0 2 2 3 3 2 2 2 2 4 2 2 1 1 2 0 1 2 0 1 2 1 1 3 2 3 0 3 1 0 0 1 1 1 1 1 2 2 2 5 4 2 0 2 1 1 1 3 4 6 10 11 13 79 9 4 3 1 2 1 3
1 4 2 2 1 1 1 2 1 1 2 2 2 6 58 4 170 3 1 1 3 0 2 1 1 1 2 23 2 2 2 3 3 1 3 1 2 4 4 5 4 3 2 4 5 2 3 2 1 2 2 1 3 1 1 1 3 2 1 3 3 0 0 1 1 0 0 0 1 0 0 1 1 1 2 4 0 1 1 0 0 1 2 3 3 4 5 7 54 3 4 2 1 1 3 4
2 5 3 3 1 2 3 0 2 2 0 1 1 3 55 11 7 175 2 3 1 1 3 1 1 2 15 5 1 3 2 5 4 4 2 1 3 7 6 6 4 3 3 7 4 5 4 1 3 2 2 2 4 1 2 2 1 3 3 1 1 1 0 0 0 0 0 0 1 1 0 0 0 1 1 1 1 0 0 0 1 2 2 2 2 3 5 9 42 1 0 0 2 0 3 8
4 6 4 4 2 3 3 2 1 2 3 1 2 2 4 61 7 187 1 3 2 2 2 2 2 5 22 5 4 5 17 15 8 4 1 1 3 8 11 6 4 3 5 9 4 5 5 2 4 2 4 2 5 2 2 2 2 2 5 2 4 2 2 1 0 1 1 1 2 0 0 0 0 0 0 0 0 0 0 1 2 2 2 3 5 10 30 31 8 0 0 0 1 3 2 10
7 8 4 5 4 3 4 2 1 3 2 4 2 3 3 5 62 199 4 3 0 3 2 3 2 31 5 13 27 21 6 3 2 1 0 2 0 10 20 5 3 6 7 7 7 7 4 4 3 3 4 3 6 3 3 3 1 3 2 7 8 3 2 2 2 1 2 4 1 2 0 2 1 3 2 1 0 0 0 0 1 4 11 15 19 19 3 2 2 1 0 0 0 2 5 8
8 11 5 6 7 4 3 3 1 1 5 3 4 5 6 4 2 259 12 1 1 3 1 3 36 7 14 16 3 4 2 0 1 1 1 2 0 2 36 5 4 6 8 7 9 8 5 4 3 4 5 3 7 4 4 2 2 2 4 10 10 4 3 3 4 2 4 4 3 2 2 3 5 1 1 0 1 0 0 2 3 3 2 3 3 2 1 0 1 0 1 1 1 1 2 4
11 13 7 8 10 6 1 2 1 2 3 7 7 4 7 2 5 231 49 2 4 2 0 7 45 7 25 4 4 1 1 2 0 2 2 3 1 1 43 5 7 6 5 9 11 10 5 4 4 4 7 10 2 4 5 3 3 2 1 7 28 6 4 4 4 5 5 6 3 5 15 10 4 2 1 2 0 1 0 0 1 2 1 0 0 0 0 1 1 2 1 3 5 5 4 31
12 17 8 12 14 2 1 3 2 2 2 7 10 7 7 4 0 289 8 9 3 2 2 14 48 9 29 5 1 2 2 1 3 3 2 3 2 2 50 10 7 3 5 7 18 10 4 4 4 7 9 10 4 2 6 4 3 1 3 2 5 41 5 5 69 61 51 43 35 27 10 7 2 1 1 1 1 2 1 0 0 0 1 2 2 3 4 5 0 0 2 2 1 3 14 23
9 24 10 23 7 2 2 3 3 2 3 5 11 16 4 4 1 303 5 1 0 0 1 0 61 16 24 7 3 2 3 2 3 4 3 3 2 55 18 11 4 3 3 6 27 10 3 3 4 8 19 5 4 5 3 5 4 2 1 1 2 4 52 79 2 0 0 0 0 0 0 1 3 2 1 1 2 3 2 1 0 1 0 0 1 1 0 0 6 10 4 8 38 33 11 8
2 25 21 32 3 1 4 2 4 3 3 5 14 22 1 2 2 299 7 2 1 0 0 0 1 96 12 8 3 3 3 5 4 2 4 3 4 81 8 4 4 0 4 2 34 13 2 4 4 11 21 8 1 6 3 8 4 2 0 2 1 1 135 4 3 2 2 1 2 2 1 0 0 0 2 2 3 7 0 3 1 1 3 4 2 2 3 44 62 7 15 106 8 6 7 7
4 6 72 11 3 1 5 3 4 4 4 8 47 6 0 2 1 14 295 1 0 0 0 0 1 100 17 6 4 4 5 5 5 3 5 2 95 7 4 2 1 1 2 4 6 45 4 4 5 15 26 3 4 5 6 14 3 0 1 1 1 1 9 143 2 1 1 2 1 0 0 1 0 1 2 2 14 2 5 1 0 2 4 6 13 20 27 33 1 0 2 81 3 6 7 5
6 8 93 4 2 2 6 2 5 7 52 51 2 1 2 2 0 308 20 10 7 2 0 0 1 104 22 6 6 6 5 12 22 13 123 113 12 5 3 1 0 1 2 4 4 53 7 7 1 22 25 2 5 5 24 2 1 0 1 1 2 3 6 144 0 2 1 3 1 1 0 2 1 1 2 4 22 5 2 1 0 0 1 3 4 3 18 3 0 1 7 69 4 4 6 6
4 6 111 3 2 5 4 2 69 59 1 0 1 0 1 1 4 23 5 2 2 3 1 0 3 4 134 8 6 170 158 142 124 125 4 4 3 6 2 1 0 2 2 5 4 7 66 2 1 33 18 1 6 33 1 0 1 0 0 2 2 2 2 151 2 1 3 3 3 2 1 2 2 2 2 28 6 3 1 1 1 0 0 1 1 2 14 2 0 2 66 5 1 5 4 5
0 3 107 17 4 4 3 75 3 0 0 0 0 0 1 2 2 1 1 1 1 1 0 1 0 1 4 42 175 1 1 1 2 1 2 2 2 1 2 2 0 0 2 5 13 7 75 2 0 25 30 4 38 4 3 2 0 1 1 1 2 3 3 157 2 1 3 6 4 2 3 1 4 6 8 72 8 6 4 2 0 0 0 0 1 7 5 1 2 1 59 1 4 3 4 4
2 1 10 119 4 7 91 87 10 5 1 0 0 1 1 2 1 1 0 0 1 0 0 0 1 2 20 212 2 1 1 1 0 1 1 1 1 0 0 0 1 0 1 0 0 17 84 1 0 13 49 43 6 1 2 1 0 2 1 1 3 2 4 165 13 7 83 72 58 52 44 45 45 42 80 3 26 16 9 3 2 0 0 3 4 8 1 1 0 1 52 3 3 2 2 3
0 2 5 145 15 10 2 1 2 4 4 1 1 2 3 1 2 1 1 0 0 0 1 2 2 1 1 233 1 1 0 0 0 0 0 0 0 0 1 0 3 1 0 2 1 2 104 0 1 54 56 6 3 3 0 0 1 3 1 3 2 2 9 268 83 84 4 5 2 2 1 1 2 0 2 1 4 3 4 5 2 0 2 1 2 1 1 0 8 19 23 8 2 3 2 1
2 0 170 10 4 3 1 2 1 0 2 1 0 1 2 6 3 1 0 0 0 0 0 0 1 3 2 237 1 1 0 0 0 0 0 0 0 0 0 2 4 3 1 2 1 8 112 5 7 76 43 3 1 0 1 0 2 4 2 4 2 1 107 4 0 1 1 1 4 1 1 0 1 0 1 0 2 2 2 1 0 1 1 1 0 0 1 6 1 3 11 13 12 3 3 0
9 144 61 3 2 1 3 1 1 0 1 0 1 2 3 5 20 0 1 0 1 0 1 1 2 2 3 255 12 2 1 1 0 1 1 1 0 1 1 1 3 8 2 7 10 117 10 10 61 63 12 0 1 1 1 1 3 7 7 0 3 0 1 1 1 0 0 0 0 2 2 2 1 1 0 0 0 1 1 0 0 0 0 0 0 1 2 3 0 2 2 10 5 10 6 2
1 3 4 54 2 3 1 1 1 0 0 1 1 2 3 4 16 4 1 0 2 1 0 2 1 2 261 5 0 7 4 1 1 1 2 2 1 1 1 2 2 11 17 4 3 2 2 2 1 2 4 6 11 6 0 2 4 17 1 0 2 12 4 1 1 1 1 2 2 1 1 1 0 0 0 0 2 1 1 1 0 0 0 0 0 1 1 1 1 0 2 3 4 3 5 5
1 2 2 51 2 1 1 1 0 0 0 0 1 2 5 12 12 26 1 2 1 1 1 1 3 11 267 3 0 0 0 1 1 2 3 3 2 0 2 2 3 17 3 1 1 2 1 2 1 1 1 1 3 9 18 12 23 0 1 0 5 12 11 7 4 3 2 1 1 1 1 1 1 1 1 3 0 0 0 0 1 1 0 0 1 1 7 2 1 1 1 0 2 3 2 3
1 1 3 39 8 2 1 1 1 0 0 1 3 8 9 5 6 12 2 2 1 2 1 1 13 15 0 0 0 0 2 1 2 2 5 4 2 1 2 3 17 8 1 1 1 2 0 1 0 1 1 1 4 5 12 3 12 4 0 1 6 2 0 3 3 2 2 2 1 2 3 1 2 1 3 3 1 1 1 0 2 2 1 0 1 5 8 0 1 1 1 1 1 1 1 2
1 2 2 3 34 19 12 5 3 1 0 2 3 1 2 5 4 16 4 1 1 2 1 3 25 3 1 0 0 0 1 4 3 1 8 5 3 1 2 20 19 8 6 3 1 0 1 0 0 0 1 3 3 1 11 1 6 8 1 2 3 3 2 1 1 2 3 2 3 4 1 2 2 3 6 2 2 2 1 0 3 3 2 0 1 3 17 3 1 2 1 0 0 0 1 0
0 2 1 2 7 5 5 7 4 1 0 2 0 2 2 2 4 7 19 1 1 1 4 33 2 1 0 0 1 0 1 7 3 2 6 10 4 2 16 15 3 4 3 4 2 1 0 0 0 1 1 1 0 4 6 46 13 2 7 77 5 0 1 1 3 3 4 5 6 2 3 2 3 9 4 3 3 1 1 1 4 4 3 0 1 1 24 1 3 0 0 0 0 1 0 0
0 1 1 1 3 4 1 1 1 2 0 1 0 1 1 0 1 3 24 12 5 52 47 2 1 2 1 1 1 0 2 7 4 8 146 17 7 11 2 2 1 2 3 1 1 1 0 0 0 0 1 2 3 2 28 28 4 2 1 1 71 3 1 4 0 6 11 8 6 5 3 7 16 6 3 3 2 2 2 1 5 8 1 0 1 1 30 4 1 1 1 1 2 1 1 1
1 0 1 0 2 2 0 0 0 0 1 0 0 0 1 2 2 2 48 66 44 2 1 4 1 0 0 1 2 1 3 12 13 6 14 138 2 1 1 1 2 1 0 1 1 0 0 1 0 1 2 3 4 20 16 17 3 73 1 0 6 64 124 114 109 99 80 66 51 38 29 20 6 3 1 4 3 3 3 1 6 10 1 0 1 3 4 38 2 1 2 4 2 1 1 1
2 2 1 0 1 0 3 3 2 1 0 0 0 1 1 2 3 6 42 0 2 1 0 2 1 0 1 6 7 8 9 20 3 4 6 4 132 3 3 3 2 2 2 2 1 1 0 1 1 1 2 5 14 9 14 8 2 69 3 2 6 60 3 1 2 2 2 5 8 11 7 3 1 1 4 3 3 5 3 2 1 19 0 0 1 1 2 45 3 3 3 6 2 2 1 1
5 2 0 0 0 2 1 0 0 0 0 0 0 0 0 0 0 1 2 0 1 0 1 0 2 3 13 12 11 6 4 2 5 3 5 3 4 124 2 2 2 2 1 0 1 0 1 1 2 2 3 7 5 6 9 6 1 68 2 1 4 58 1 3 0 1 2 4 2 4 5 2 2 1 0 9 4 9 3 2 0 22 1 1 1 1 1 52 5 4 7 4 3 1 2 1
5 1 1 0 0 1 3 2 1 1 0 1 0 1 1 1 4 3 0 0 0 0 1 1 11 9 4 5 8 7 2 2 4 3 4 3 3 7 111 10 1 0 1 0 2 2 1 1 2 3 4 4 2 4 6 5 1 64 2 1 4 53 2 0 2 0 1 3 1 3 1 2 0 0 0 0 11 15 3 3 0 24 2 1 1 2 2 55 7 8 8 3 2 2 3 2
1 1 0 0 0 0 6 5 2 1 0 2 0 1 2 2 3 1 1 0 0 1 1 7 9 2 3 3 5 8 3 2 2 3 3 3 2 6 8 95 90 2 0 3 2 3 1 2 6 2 3 2 4 1 4 4 1 59 3 1 3 8 44 2 0 1 0 2 1 1 1 0 0 0 1 1 1 25 7 4 1 25 3 2 2 1 2 3 67 11 5 4 3 3 4 4
0 0 0 1 0 1 4 13 2 1 1 2 0 1 4 7 6 1 0 0 0 0 0 11 3 1 1 3 4 6 5 1 1 2 2 3 1 5 6 3 7 86 71 71 4 3 9 19 6 2 3 2 3 2 2 3 2 52 2 3 3 8 32 6 4 1 0 1 1 0 0 2 1 0 1 2 2 19 17 5 1 26 5 2 3 1 4 1 74 13 6 3 5 5 3 6
0 0 1 0 2 1 14 10 2 1 1 3 0 1 1 10 3 0 1 0 1 0 1 5 1 2 0 2 2 4 4 2 0 2 1 2 1 5 3 2 3 4 15 11 62 51 25 7 5 2 1 4 2 1 2 3 1 46 2 4 3 6 28 2 2 1 0 1 0 1 2 0 5 1 0 2 3 7 34 6 1 4 30 1 4 4 3 4 78 13 7 4 6 6 5 8
0 1 1 1 3 1 23 8 1 3 1 3 0 1 1 10 12 2 2 1 1 9 11 7 4 1 1 0 2 2 2 1 1 1 0 1 2 2 2 2 1 3 2 3 4 8 6 3 4 4 2 3 1 1 1 2 4 37 3 4 4 4 24 1 0 1 0 0 0 1 0 3 5 3 1 2 2 7 40 7 2 3 28 6 5 4 4 6 77 17 8 7 8 6 9 8
1 1 1 3 2 4 29 6 3 2 3 3 1 0 2 32 9 5 7 4 8 4 8 2 2 2 0 0 0 1 1 0 0 0 0 0 1 1 1 0 2 1 1 2 3 2 7 3 2 3 3 2 1 1 1 3 4 25 5 6 5 4 11 8 1 0 0 0 1 1 2 1 4 9 3 1 2 4 53 3 2 2 5 32 6 5 5 6 75 25 9 10 9 8 11 10
2 1 2 3 4 5 32 7 4 3 4 3 1 1 40 17 1 2 4 1 3 4 5 3 1 2 3 2 1 0 0 0 0 0 0 0 0 0 0 0 0 1 0 1 2 1 3 2 2 2 2 1 2 1 2 3 4 10 13 5 5 3 4 8 2 0 0 0 0 1 3 4 2 7 9 3 2 3 60 3 3 2 2 26 14 9 6 6 10 96 11 12 10 11 14 7
3 0 2 4 6 5 37 10 5 3 4 6 5 44 30 6 4 1 2 2 2 2 2 2 2 1 0 0 0 0 0 1 0 1 2 1 0 0 0 0 1 0 0 0 1 0 2 1 1 1 0 1 1 2 1 2 5 4 13 4 4 2 3 5 1 0 1 2 2 3 3 5 8 4 14 5 3 3 62 6 3 3 4 3 31 13 9 9 10 99 15 14 12 16 12 10
2 2 2 4 12 48 46 10 11 10 9 14 6 7 7 6 4 3 1 2 1 1 0 0 1 0 0 1 1 1 2 1 1 2 5 0 1 1 2 2 0 0 0 0 0 0 0 0 0 0 0 0 0 1 2 1 4 2 11 3 3 3 0 3 1 0 1 0 3 4 6 5 6 11 8 14 7 3 5 67 3 5 3 2 7 35 14 10 12 101 18 19 16 19 11 11
