Flow_accumulation.asc
ncols        1010
nrows        1398
xllcorner    419764.000000000000
yllcorner    4215230.000000000000
dx           20.001980198020
[rows 608 to 683 of 1398, columns 0 to 95 of 1010]
1 4 3 2 1 0 0 0 0 1 0 1 1 1 3 1 2 2 4 1 3 4 5 6 3 3 4 4 6 135 117 17 3 4 3 5 5 7 6 4 6 1 5 4 2 3 3 2 5 14 6 3 2 2 4 3 4 3 3 3 4 265 13 7 322 7 2 1 0 0 1 0 1 1 10 1 0 0 0 1 2 2 43 7 0 0 0 1 1 28 8 5 3 1 2 0
2 8 3 1 1 1 1 2 1 0 0 0 0 0 1 1 1 2 4 2 1 4 2 5 2 3 3 4 7 118 36 93 8 2 4 2 4 5 5 5 6 2 4 4 2 3 1 4 6 8 4 2 1 4 2 3 1 2 2 4 253 8 12 8 39 273 7 3 2 1 0 0 0 0 1 3 0 0 0 0 1 39 0 4 1 0 2 1 1 4 13 6 3 2 2 3
1 13 3 2 2 2 2 0 0 0 0 0 0 0 4 3 3 2 3 1 3 2 3 2 2 3 5 6 88 24 21 38 71 14 5 3 2 4 4 4 5 4 4 3 2 1 3 4 4 5 2 1 3 1 2 1 2 2 3 240 12 6 11 11 37 16 241 235 1 0 0 0 0 0 0 0 1 1 0 1 48 1 0 3 15 20 2 1 2 1 5 3 2 1 3 2
15 7 4 2 2 2 1 0 1 1 1 1 2 5 2 2 0 2 3 1 3 2 1 2 3 4 3 8 85 13 16 28 32 46 9 5 2 3 2 5 3 5 3 3 1 2 3 2 3 2 1 2 1 1 1 2 2 3 5 238 6 10 6 17 30 12 4 233 27 21 1 1 0 0 0 0 1 2 2 40 7 1 0 2 4 13 106 1 0 1 2 2 2 0 3 1
18 4 2 3 3 1 1 2 2 2 1 2 12 11 8 6 5 3 1 3 2 2 0 3 3 4 7 14 67 11 13 24 20 31 30 8 4 2 1 5 3 4 3 2 1 2 1 2 1 0 1 0 0 1 1 1 2 208 229 8 5 10 7 20 21 10 5 8 192 5 20 17 3 1 0 1 2 4 24 8 2 3 1 2 2 3 266 6 2 1 0 1 1 1 0 2
4 4 3 3 2 2 2 2 3 3 3 44 32 21 15 11 6 5 3 1 3 1 1 3 5 5 6 47 23 9 13 16 17 24 23 21 7 3 2 2 3 4 3 0 2 1 1 1 1 2 2 3 4 3 3 5 206 13 8 6 7 9 10 20 17 7 6 7 184 0 1 0 10 5 1 0 1 4 12 3 2 3 1 1 2 3 100 254 2 1 1 0 0 0 0 1
3 1 4 2 2 3 2 4 115 104 94 40 32 24 20 15 12 5 4 2 2 1 3 4 1 4 14 32 17 10 11 15 15 14 25 15 14 5 3 0 4 3 2 1 0 1 2 2 3 3 1 1 0 173 186 198 7 7 6 5 11 7 12 15 14 5 8 8 12 168 1 0 1 1 1 1 1 6 4 4 1 2 1 1 2 1 2 249 4 2 2 2 1 1 0 0
1 5 2 2 3 3 146 135 9 7 5 8 4 7 6 8 6 8 5 3 1 2 6 0 3 7 8 27 13 11 10 14 14 13 13 14 14 10 5 1 2 4 1 0 3 3 4 5 6 6 7 151 169 9 7 6 7 5 5 6 8 11 13 12 7 10 4 6 5 163 8 1 0 0 0 0 3 3 3 2 1 1 0 2 0 1 1 4 239 2 1 0 1 0 1 2
314 3 7 10 121 113 9 8 8 8 6 4 6 5 6 3 7 4 5 4 2 2 5 1 5 7 8 19 11 11 8 13 12 10 15 13 9 10 4 4 2 3 2 5 6 10 14 15 16 25 140 10 6 8 8 5 4 4 4 10 7 11 11 10 6 5 5 6 5 12 141 38 0 0 3 2 2 2 1 1 1 0 1 0 1 1 1 84 150 144 1 2 1 1 1 5
5 304 188 175 17 5 4 9 8 7 9 7 4 4 5 5 2 6 3 5 2 2 4 5 2 4 10 14 9 10 8 10 12 3 10 18 9 6 8 5 4 2 3 6 9 9 8 11 42 106 8 5 6 7 6 3 5 4 7 5 8 13 10 3 8 4 4 5 10 10 87 3 37 33 23 7 5 3 1 0 1 0 0 1 2 3 4 81 4 2 185 135 1 2 20 12
1 103 3 4 42 14 8 4 3 7 6 6 6 3 3 4 4 2 4 3 3 3 3 4 4 6 7 9 6 10 7 9 8 6 9 10 11 8 8 4 4 3 4 5 5 9 10 39 57 12 6 5 6 7 4 3 3 2 7 5 11 10 5 7 4 3 4 9 7 13 74 0 1 3 3 12 4 4 2 1 0 0 1 2 3 4 74 1 3 1 44 4 133 140 2 3
1 2 99 2 6 36 13 7 7 4 3 5 5 6 4 3 4 3 2 3 3 2 3 3 3 5 6 8 5 9 5 7 5 9 8 9 10 7 7 3 5 5 5 7 10 14 29 33 14 10 6 5 5 5 2 4 2 6 2 7 10 8 6 3 3 6 9 6 12 8 62 1 0 2 2 5 3 1 3 1 0 1 2 3 3 64 3 0 2 0 43 1 1 14 120 0
1 2 92 3 2 5 31 13 6 5 5 3 3 4 3 3 1 3 2 3 1 2 3 2 2 4 5 6 4 8 4 6 5 8 7 8 9 5 7 5 4 4 4 5 9 13 19 16 10 9 5 4 4 4 3 1 6 1 4 7 11 6 4 4 6 6 8 12 7 6 52 1 0 1 1 2 3 1 2 0 2 3 4 6 48 9 3 0 1 1 39 0 1 2 4 112
1 2 3 84 3 2 4 24 14 6 5 4 3 2 3 3 3 2 2 1 2 2 1 2 1 3 4 5 3 7 3 4 5 7 6 7 8 4 7 5 4 4 4 6 11 12 11 10 8 8 5 4 4 1 2 5 2 5 6 10 7 5 6 6 6 8 8 6 5 4 6 43 1 0 1 1 1 1 1 1 1 3 7 17 21 4 4 0 0 1 35 1 0 2 3 5
1 1 4 74 5 2 1 4 16 13 5 4 3 3 2 1 1 1 1 1 1 1 1 2 0 2 3 4 2 3 5 3 4 6 5 6 7 4 5 6 5 2 5 7 10 8 8 9 5 7 4 4 2 2 4 2 4 7 10 6 6 5 4 6 8 7 6 4 3 3 4 35 5 2 1 0 1 0 0 1 1 2 5 20 2 2 2 2 0 1 30 1 0 1 3 2
1 1 4 65 3 4 4 1 3 10 12 5 3 2 2 2 2 1 1 1 0 0 0 0 1 1 2 2 1 2 4 3 3 5 4 5 6 3 5 5 5 3 4 6 10 6 6 6 4 5 4 2 3 4 3 5 6 6 4 4 2 4 5 5 4 4 3 3 4 6 5 4 19 2 1 1 0 0 0 0 0 4 0 16 3 1 0 2 0 2 19 7 2 0 2 1
1 2 3 51 8 3 1 2 2 2 5 8 5 4 2 2 1 1 1 1 1 1 3 2 1 1 0 1 2 0 4 1 3 4 3 4 5 3 5 3 4 3 4 6 7 5 5 4 3 5 3 1 4 2 3 4 5 4 4 4 3 3 4 4 4 4 5 6 5 3 3 5 10 2 1 0 0 0 0 0 1 1 0 1 13 1 0 1 1 1 1 17 2 2 1 0
1 1 3 8 40 5 5 2 1 1 1 4 6 3 3 1 2 1 1 1 3 3 0 0 3 2 3 1 1 1 3 0 2 3 2 3 4 3 4 3 3 4 3 5 3 4 4 3 4 2 2 2 2 1 2 2 2 2 2 1 4 3 4 5 5 5 4 4 5 5 6 3 1 1 1 1 1 0 1 2 1 0 0 0 9 1 1 0 1 0 1 9 3 1 1 0
1 1 3 6 26 9 3 4 2 2 2 1 1 2 1 2 1 2 2 2 4 1 1 4 1 4 3 3 3 2 1 2 0 3 1 2 3 2 4 2 2 4 3 2 3 3 2 1 3 1 1 2 1 1 1 1 1 2 2 3 2 3 3 5 5 6 7 8 7 3 2 1 1 1 1 1 1 1 2 4 0 0 0 1 4 1 0 0 0 0 0 3 2 1 0 0
0 2 3 3 13 10 5 5 5 4 3 2 2 2 2 2 3 3 3 5 2 2 5 3 4 1 1 3 2 1 1 1 2 1 1 1 2 2 2 2 1 3 3 0 2 2 1 2 0 1 1 0 0 0 0 0 0 1 2 4 5 6 7 5 7 8 9 5 5 8 7 2 2 2 3 3 1 1 11 2 1 0 0 1 1 0 0 0 0 0 1 1 0 1 1 0
0 1 3 3 5 9 3 2 1 1 0 2 2 1 0 3 4 5 6 4 5 3 6 6 3 5 3 1 2 3 2 1 0 1 1 0 1 1 2 0 2 1 1 1 1 0 1 0 1 1 0 0 0 0 1 2 3 3 4 3 4 5 6 9 7 5 4 9 12 13 15 12 2 7 3 2 11 17 1 0 0 0 0 0 1 2 1 0 1 0 0 3 2 1 1 0
0 1 1 1 4 2 5 2 1 1 3 1 1 0 1 4 7 7 8 4 6 8 6 6 6 2 4 4 3 2 2 3 2 1 1 1 0 1 0 1 1 0 0 0 0 1 1 2 3 1 2 1 1 1 0 0 0 0 1 1 1 1 1 2 5 8 9 11 12 14 16 30 13 12 3 28 15 2 2 1 0 1 1 0 0 4 2 2 1 1 0 4 0 1 0 1
0 0 0 1 2 1 1 0 2 3 2 2 0 1 2 3 12 8 10 6 10 9 7 6 4 7 5 4 3 4 3 1 3 2 1 0 0 0 0 0 1 2 2 0 0 0 0 0 0 3 3 4 2 1 1 1 1 1 1 2 3 3 4 3 3 3 4 4 4 6 8 14 62 13 31 0 0 0 0 0 2 2 2 1 1 0 8 4 1 2 2 5 2 1 2 1
0 0 1 1 1 0 2 4 3 4 2 3 2 1 2 4 15 13 11 11 12 8 8 7 8 6 5 7 6 3 5 4 1 1 0 0 0 0 0 0 0 0 1 3 1 1 1 1 1 1 6 5 4 2 3 1 1 2 1 2 2 2 3 3 4 4 4 3 4 4 6 6 22 99 2 2 1 0 0 0 0 9 1 1 1 2 0 14 2 3 7 5 2 3 1 2
1 0 0 0 0 0 0 4 7 4 3 4 2 2 2 4 20 16 14 16 14 10 11 9 9 10 9 6 7 6 3 3 1 1 1 1 0 1 0 1 1 1 1 4 2 2 2 2 2 2 5 6 7 4 4 1 3 1 3 2 3 4 4 4 4 4 4 3 3 3 4 4 40 89 1 1 0 0 1 0 1 15 1 1 3 3 1 14 8 4 6 4 3 5 3 3
1 1 1 0 1 1 1 2 12 7 4 5 3 3 3 5 27 21 18 20 13 17 12 15 11 8 8 6 4 4 2 2 2 1 1 1 1 1 2 0 2 2 3 2 5 3 3 2 3 3 3 9 9 7 2 4 3 3 2 3 2 3 4 5 6 7 5 4 3 3 1 2 11 127 1 0 0 1 2 1 10 14 1 1 0 9 1 31 6 4 5 5 8 5 4 2
1 2 1 2 2 0 2 1 3 21 5 6 4 4 3 7 38 24 30 24 27 18 16 12 11 8 6 5 4 4 4 1 2 1 2 1 2 2 2 1 3 3 3 3 4 6 4 4 3 4 4 5 10 10 6 4 5 2 4 3 4 3 3 5 5 8 10 9 2 3 3 2 9 131 1 1 0 2 3 1 25 1 0 0 1 1 45 2 0 2 2 19 17 60 53 48
0 3 2 3 3 1 2 1 1 5 27 7 5 5 4 17 226 60 51 37 22 18 15 10 9 7 6 6 5 3 1 3 1 2 3 1 3 2 3 3 1 4 4 4 4 7 5 5 5 5 5 5 10 11 8 6 6 3 5 4 3 5 3 4 6 7 15 18 5 3 2 3 4 142 1 1 1 3 1 32 1 0 0 0 0 1 50 0 0 1 86 90 65 7 1 0
0 4 4 3 4 1 2 3 1 3 29 11 6 12 294 280 53 154 116 22 18 14 9 10 6 7 7 5 4 2 4 1 2 3 3 2 4 1 5 3 4 3 4 6 5 4 9 7 5 7 6 6 6 12 11 8 5 6 4 6 5 4 6 3 3 4 4 34 6 2 4 2 5 150 2 1 1 3 5 32 0 0 1 1 0 1 54 1 0 19 18 1 0 4 0 0
4 4 4 2 5 2 2 4 2 2 4 39 33 17 5 4 2 2 5 81 18 12 11 9 10 8 5 4 2 4 1 2 3 3 4 3 4 2 5 4 5 2 6 6 5 6 7 10 7 9 7 7 5 10 13 10 6 6 7 5 7 9 2 7 4 2 3 13 34 3 2 4 3 160 1 2 1 3 40 1 1 1 1 1 2 0 58 1 1 23 1 0 0 2 2 1
5 7 4 1 6 1 4 5 4 1 12 100 27 6 1 4 3 2 3 5 57 52 39 12 8 6 6 2 5 1 2 3 3 4 5 4 3 4 5 6 4 6 4 5 6 7 7 10 9 10 9 8 5 9 12 13 8 7 7 11 14 11 10 6 2 5 3 4 49 3 1 3 5 167 2 1 2 1 46 1 1 2 2 2 2 1 2 60 26 2 1 0 0 0 0 0
5 5 4 1 7 1 5 4 8 18 120 7 12 9 5 2 4 2 1 4 4 5 11 27 22 10 7 6 1 2 3 3 4 5 6 5 3 6 4 6 6 5 4 8 7 7 8 7 11 12 10 11 7 9 8 12 12 8 8 5 10 23 35 7 8 1 6 4 55 4 2 0 3 176 3 3 1 0 50 2 2 3 2 3 3 1 2 64 32 2 2 1 0 1 2 1
8 5 3 1 8 1 5 5 25 10 5 6 7 7 8 5 2 3 2 1 4 3 4 1 3 8 1 2 1 3 3 4 5 6 7 6 2 8 4 7 6 6 6 8 6 8 8 8 9 14 14 11 7 10 9 11 11 13 8 9 6 4 10 52 8 3 1 6 61 5 2 1 1 185 6 2 0 0 3 57 3 4 1 6 2 0 2 105 3 2 0 0 1 2 7 1
7 3 3 3 7 2 4 44 7 6 6 6 7 4 5 4 4 2 3 0 3 2 3 1 2 1 2 3 3 3 4 5 6 7 8 4 5 8 5 7 7 7 6 6 10 8 7 9 10 13 19 13 11 7 10 7 10 11 18 8 4 6 3 4 61 4 2 2 8 67 3 0 2 200 3 1 0 0 1 64 4 4 5 6 0 0 1 112 2 1 0 1 2 14 2 1
6 4 4 2 8 9 70 8 4 5 5 4 6 6 3 4 2 2 1 2 0 2 2 1 1 0 2 3 7 5 5 6 7 8 8 3 7 7 8 7 9 7 7 7 9 9 9 8 10 12 21 18 12 9 9 10 6 8 13 25 4 5 5 6 60 11 2 2 3 77 4 0 1 205 2 1 0 0 0 2 75 2 11 2 0 0 117 3 1 0 1 1 19 1 0 0
6 14 46 4 42 91 11 13 7 4 3 5 4 6 5 4 4 2 2 1 1 1 0 1 0 1 0 1 2 12 7 5 7 13 5 7 8 6 10 7 10 9 7 9 5 13 8 8 9 13 24 18 14 13 10 13 5 4 7 18 28 2 5 2 9 71 1 4 9 96 1 1 1 209 0 0 0 0 1 2 81 2 14 1 1 1 119 1 1 0 2 0 23 0 1 0
20 10 10 43 3 1 3 6 8 5 3 3 3 3 6 5 4 3 2 0 0 0 0 0 0 0 1 2 1 7 12 7 10 13 7 8 9 7 11 7 8 12 12 7 9 10 10 7 6 14 25 21 17 14 12 14 8 3 2 5 38 12 5 3 8 75 0 0 0 1 101 2 4 209 1 1 0 1 0 1 82 6 17 131 1 124 2 1 0 0 2 5 22 1 1 1
1 2 1 2 2 3 2 2 5 6 3 1 1 2 2 3 3 4 2 2 1 1 0 0 0 0 0 1 3 4 15 14 9 13 10 10 6 10 12 8 7 12 14 11 6 12 12 6 8 9 26 25 18 15 13 17 12 4 3 3 6 50 3 6 86 0 0 0 1 2 105 3 214 2 1 1 1 1 1 0 22 102 0 129 126 0 0 1 0 2 1 1 30 2 1 2
6 3 2 2 2 1 1 1 1 3 4 3 1 0 0 0 1 1 2 2 1 0 0 1 0 1 1 1 1 2 5 22 14 16 12 11 6 12 10 11 8 11 15 12 11 11 15 7 4 9 24 25 22 15 11 13 23 14 4 2 4 25 36 6 90 1 0 0 0 0 1 110 220 3 0 3 1 2 0 2 110 0 0 0 0 1 2 0 5 2 2 2 34 2 2 2
5 5 4 3 2 2 1 1 1 1 3 4 5 4 3 2 2 1 1 0 1 0 1 2 0 1 2 1 2 3 4 8 30 18 19 10 9 12 9 13 9 11 14 15 12 14 16 5 6 8 21 24 21 18 14 10 16 31 38 5 2 5 61 5 97 1 0 1 0 1 2 113 224 0 2 2 2 3 1 3 113 0 1 2 1 1 13 8 1 0 0 3 44 1 3 3
3 1 1 1 1 1 1 1 1 1 2 1 1 0 1 1 1 1 0 2 0 1 2 0 3 2 1 3 2 3 4 5 12 40 27 15 12 11 9 13 13 10 14 16 16 18 17 6 6 5 20 27 16 19 17 9 9 11 19 56 61 1 17 61 98 2 0 1 2 3 2 5 339 2 1 0 6 5 4 122 2 1 1 3 3 18 16 1 1 0 0 0 1 50 3 4
86 82 3 2 2 1 2 2 1 2 2 1 1 2 1 2 1 1 3 0 1 2 0 3 1 4 3 2 4 2 3 6 8 15 59 31 17 9 11 11 17 10 15 14 19 24 21 5 4 5 21 27 17 21 18 7 7 6 9 12 17 73 9 172 3 1 0 1 1 3 6 10 348 2 0 0 6 13 0 0 0 0 0 2 30 3 2 1 0 0 0 1 1 40 18 6
3 2 76 69 5 4 3 2 3 4 2 2 2 2 3 2 2 4 1 1 1 3 1 1 3 2 5 4 3 5 2 3 5 7 12 74 95 10 13 4 13 27 12 17 23 29 24 5 5 4 15 33 17 27 18 5 4 7 5 4 3 9 83 188 2 1 0 0 0 1 2 3 362 0 1 0 17 2 0 0 1 0 0 32 4 0 0 1 0 1 1 0 1 0 141 82
3 2 4 3 58 47 13 10 8 4 4 3 3 4 3 3 5 1 1 2 2 4 1 1 3 3 3 6 7 4 4 1 2 3 4 5 104 29 10 5 4 9 39 20 22 24 40 6 6 5 8 34 24 32 17 5 2 4 4 6 7 7 5 274 0 0 0 0 1 0 1 2 370 1 1 0 22 0 1 0 1 1 0 23 17 1 2 1 1 1 2 1 0 2 148 1
3 4 1 3 3 5 29 21 8 6 3 4 4 5 4 6 1 1 3 2 3 3 3 2 1 4 5 4 11 7 6 1 1 1 2 2 3 135 11 5 2 3 4 51 25 20 57 5 7 6 4 34 27 39 16 6 3 0 5 2 4 7 9 282 1 1 0 1 0 2 2 3 376 0 2 5 20 2 0 1 2 1 1 43 0 2 3 2 3 1 3 2 0 1 154 1
3 3 2 2 2 3 4 3 9 5 4 3 5 6 6 4 3 3 1 3 2 3 6 3 1 2 5 9 13 11 6 4 0 2 1 3 3 140 12 6 1 2 3 30 44 16 64 15 6 7 5 25 39 49 9 5 3 1 4 3 1 2 9 297 2 0 1 2 0 1 1 2 382 0 3 3 28 6 1 3 1 3 2 46 5 27 21 14 2 4 0 3 0 73 2 0
2 3 2 2 1 2 2 1 1 1 1 5 7 6 9 4 4 1 4 2 2 4 8 3 1 2 2 4 12 25 8 4 2 1 2 2 4 145 13 6 3 1 2 5 68 17 18 70 9 6 6 21 55 43 11 2 4 2 1 4 4 3 289 18 1 1 1 3 1 0 2 2 384 0 2 40 9 0 2 1 0 3 6 83 28 1 0 2 6 1 0 3 1 78 2 2
2 2 0 2 1 1 0 1 0 2 1 5 8 9 10 4 4 2 5 3 3 5 9 4 2 0 3 2 3 28 18 7 2 1 2 3 3 152 13 7 2 2 2 3 69 16 14 82 12 7 7 22 80 25 10 0 5 2 1 2 5 6 15 293 2 1 1 4 1 1 1 1 6 382 3 46 2 1 0 0 0 1 62 36 0 0 0 0 1 2 1 2 3 82 1 1
0 1 1 1 0 0 0 0 0 0 3 6 6 14 12 5 4 4 5 4 4 6 10 4 2 3 3 2 3 8 40 10 4 2 1 2 4 158 13 8 3 3 2 1 23 66 9 19 86 7 8 28 97 15 2 3 3 2 2 1 3 4 293 19 0 2 2 5 2 1 1 2 5 388 4 49 1 0 0 0 1 0 104 3 2 1 0 0 0 4 2 1 4 87 2 0
0 0 0 0 0 0 0 0 1 1 3 6 7 18 14 5 7 4 5 5 5 8 10 4 3 4 4 3 3 4 44 13 6 3 1 2 3 159 19 8 4 5 2 1 2 89 10 9 104 5 8 54 89 2 2 5 2 3 2 1 2 3 17 304 7 3 1 6 3 0 2 4 4 396 56 1 1 1 0 1 0 119 11 6 4 2 0 0 3 4 12 2 2 97 2 2
0 0 0 0 1 1 1 0 2 3 1 5 10 22 17 4 9 4 6 6 5 9 11 4 6 5 2 6 2 4 31 32 6 3 3 2 2 10 174 8 6 6 2 2 1 84 19 7 113 5 6 141 8 2 3 5 3 3 2 1 2 3 331 2 2 1 3 3 4 2 0 2 4 456 7 3 1 0 1 1 1 124 1 2 1 0 0 0 0 1 2 17 106 4 2 1
0 1 0 2 1 2 2 2 2 4 2 4 11 25 19 8 7 5 7 4 4 14 13 5 7 5 3 5 5 5 7 56 10 3 4 2 2 3 186 8 8 7 2 2 2 2 100 9 121 4 6 151 2 2 5 5 2 4 2 1 2 339 3 0 1 0 1 4 9 2 1 2 3 471 2 0 1 1 1 1 130 1 1 1 1 1 0 0 0 1 1 0 128 3 2 3
1 2 1 2 3 2 3 3 3 4 4 4 10 29 22 9 7 6 7 3 7 11 19 6 7 6 5 5 5 5 7 51 19 6 4 2 2 3 191 8 10 8 3 3 2 1 3 108 128 4 156 4 2 2 7 6 3 3 3 1 28 344 2 1 0 0 0 1 18 0 0 0 1 479 0 2 0 2 2 140 134 3 2 1 0 0 0 0 1 1 1 110 26 0 1 4
2 2 2 4 3 3 4 4 3 4 6 5 11 24 31 11 7 7 5 5 4 8 24 13 8 6 6 7 6 4 7 12 63 7 2 5 3 1 17 185 10 13 4 2 4 3 4 240 132 7 159 3 1 3 11 5 5 1 1 5 352 2 1 0 0 1 0 1 22 0 0 1 2 4 485 0 1 3 146 130 1 1 0 0 1 0 1 1 0 1 4 142 2 0 2 5
1 3 3 4 6 4 4 5 5 5 7 6 10 21 40 12 7 7 4 8 1 10 21 21 8 7 9 8 6 6 6 7 68 12 3 5 2 4 6 199 9 18 3 2 4 15 9 20 115 170 82 2 2 8 12 4 3 2 5 363 2 1 1 1 0 1 1 1 26 0 1 0 0 2 646 152 155 154 3 2 1 1 1 0 2 1 2 1 1 1 0 140 1 1 2 9
2 3 3 4 7 6 5 6 6 6 7 7 12 18 46 14 8 8 4 8 2 4 9 39 12 9 11 9 7 6 8 6 55 29 4 4 4 5 4 203 9 22 3 2 18 13 7 2 0 1 2 21 11 15 2 4 3 9 4 2 2 2 1 0 1 1 2 1 30 0 2 0 1 2 3 7 2 4 2 0 1 1 0 1 3 2 3 2 2 1 1 140 1 2 10 3
2 4 3 6 7 7 6 7 7 6 7 10 11 19 50 17 8 9 3 7 4 3 5 30 32 13 13 9 8 7 9 5 13 74 5 6 5 4 5 204 50 28 5 18 7 1 4 2 1 0 0 2 44 7 2 4 15 1 0 0 1 1 0 1 2 1 2 2 34 0 3 0 3 3 0 1 0 0 5 4 1 1 1 3 3 3 4 3 3 2 1 141 5 2 1 0
3 5 3 7 7 7 6 9 8 8 6 12 13 19 51 22 9 6 6 6 5 4 4 7 59 20 13 10 11 8 11 7 9 88 10 10 21 12 17 18 37 1 0 1 0 0 1 8 0 0 0 1 3 38 11 7 12 0 1 2 0 2 1 2 3 2 2 2 38 0 3 1 6 1 1 0 0 0 1 4 7 6 101 9 7 8 8 12 3 11 2 166 16 10 3 4
3 6 4 7 7 7 7 8 11 9 5 9 20 20 49 28 10 8 7 4 4 5 10 9 13 80 15 29 15 1 1 1 1 1 1 1 15 1 0 1 0 35 1 0 0 0 0 7 0 0 0 1 2 24 12 20 5 2 1 2 3 1 2 3 4 3 3 1 41 1 2 6 7 2 2 1 0 0 0 3 1 4 98 3 1 3 3 6 46 9 170 3 1 4 7 2
2 6 6 8 7 6 7 8 12 11 4 9 21 24 49 33 11 12 5 5 2 2 4 6 17 105 39 2 1 1 0 1 0 0 0 0 13 0 0 0 3 29 0 1 3 0 1 80 79 0 1 1 6 16 2 1 3 52 7 2 3 2 2 4 8 2 3 1 43 2 1 33 22 19 4 0 1 0 0 1 1 1 1 95 2 0 1 2 34 2 1 0 2 2 2 1
1 8 6 10 7 7 6 7 11 14 5 7 19 35 46 37 13 17 3 5 0 3 2 5 119 1 1 1 2 1 1 0 0 0 1 2 6 5 0 1 2 1 25 6 1 2 1 1 71 4 0 3 0 15 1 2 1 3 39 29 8 3 14 110 12 2 5 2 44 4 35 2 1 2 16 23 1 1 0 0 1 0 1 91 0 1 0 2 29 2 1 0 1 1 1 0
4 8 6 10 8 6 6 8 9 17 7 5 7 55 42 44 14 22 3 3 1 0 3 5 13 1 2 2 3 2 1 0 0 0 0 0 2 1 2 0 1 0 13 2 1 0 1 0 63 7 0 1 0 12 1 1 0 4 4 3 12 5 4 97 9 152 3 29 47 10 2 0 1 1 1 22 16 0 1 0 0 0 2 87 3 0 0 1 2 27 2 1 0 0 1 0
8 6 8 8 9 7 6 5 8 19 10 5 5 57 50 45 16 27 4 0 1 1 1 2 12 5 3 2 0 1 0 0 0 1 2 0 0 0 0 1 0 0 1 9 0 0 0 0 0 68 0 0 1 7 2 0 1 2 3 2 9 4 1 92 4 139 8 5 20 1 1 1 0 0 2 13 13 149 0 2 0 1 0 2 81 2 1 0 2 7 21 2 1 0 0 0
6 8 9 7 10 8 6 6 6 18 13 5 5 10 114 47 43 7 2 0 2 0 1 2 12 10 1 2 3 1 1 0 0 3 4 0 0 4 3 2 0 0 16 3 1 0 0 1 2 65 2 0 0 3 3 0 2 1 1 4 4 3 1 90 3 127 18 2 2 18 13 2 1 1 6 5 0 151 7 1 1 0 0 2 74 2 0 0 1 0 17 6 2 1 0 0
3 8 9 9 15 6 5 3 6 17 18 3 5 1 7 167 52 2 1 0 3 0 1 1 10 5 6 5 2 1 0 1 1 9 1 0 13 5 3 0 1 0 6 9 1 1 1 1 5 47 33 3 1 1 2 0 2 0 1 4 0 2 1 88 2 4 127 11 2 0 3 10 2 1 5 4 1 2 140 2 0 0 1 2 66 1 1 0 0 0 23 4 1 0 0 0
4 7 10 18 12 4 5 3 6 16 21 5 3 4 0 174 54 2 2 3 3 1 1 1 13 10 5 2 1 1 1 1 11 2 0 16 2 0 0 1 0 0 1 7 3 1 1 1 1 1 46 2 1 1 1 0 1 0 1 1 1 0 81 3 3 2 122 6 8 1 1 6 1 2 4 3 2 2 133 2 2 0 2 0 4 58 2 1 0 0 1 35 1 0 1 0
4 6 9 24 12 7 2 4 3 21 22 5 3 2 5 41 206 10 7 3 1 0 2 4 12 4 1 1 1 2 2 1 15 0 2 20 3 2 1 0 0 0 0 0 0 0 0 0 1 0 39 3 1 0 0 0 0 0 0 0 0 1 79 2 2 1 120 0 10 3 1 3 1 2 3 2 2 2 121 5 0 0 1 2 2 52 9 2 1 0 0 28 8 3 1 0
4 6 8 35 8 8 2 2 3 23 24 4 6 4 2 255 3 2 1 0 0 1 2 4 10 2 2 13 10 6 7 23 1 1 24 1 1 1 0 0 0 0 2 1 1 0 1 1 0 0 1 35 2 1 1 0 0 0 1 1 0 39 38 0 3 2 2 114 1 6 2 1 1 2 2 2 2 2 1 117 6 1 0 3 0 42 5 1 0 0 0 34 9 2 0 0
4 5 5 45 8 6 2 3 3 18 32 4 7 5 78 238 6 2 1 0 0 1 1 9 7 14 17 1 1 1 2 4 113 137 4 3 2 1 1 0 1 0 3 1 0 0 4 0 0 0 1 29 2 1 1 0 5 4 8 10 35 68 2 1 2 2 1 109 3 2 3 2 1 0 2 1 1 2 2 105 2 3 0 2 1 2 37 4 1 0 0 6 25 1 0 0
2 6 4 53 9 3 2 3 4 8 44 7 10 80 10 0 5 2 1 0 0 0 2 32 31 9 1 2 0 1 2 2 0 4 104 1 1 1 1 1 1 1 5 1 0 4 3 1 0 0 0 10 13 8 2 0 6 3 1 15 5 1 31 1 0 4 0 93 15 12 1 1 2 0 1 1 1 2 2 100 1 1 2 2 1 8 20 3 2 0 1 20 1 1 0 0
5 7 7 60 3 4 2 4 2 6 57 86 91 1 1 0 1 2 0 0 0 1 2 16 7 2 3 1 1 0 1 1 1 19 3 76 46 21 35 5 19 19 46 16 5 30 1 0 0 1 1 4 4 3 2 0 3 0 8 3 4 0 26 1 0 3 3 2 85 5 14 3 0 1 0 1 1 1 8 88 0 1 1 2 1 2 19 0 1 0 1 0 18 0 0 0
1 3 55 53 12 6 2 5 3 140 126 0 0 0 0 0 0 0 0 1 0 1 0 14 3 2 1 1 1 0 1 0 1 18 1 2 26 37 22 75 57 52 15 35 37 3 20 16 11 6 2 1 3 3 0 1 2 3 3 2 3 0 22 1 0 2 4 1 75 3 1 10 3 1 0 1 0 1 43 49 1 0 1 1 1 2 14 2 0 0 0 1 13 2 0 0
1 2 3 2 5 6 10 181 6 139 1 1 1 1 0 0 0 0 0 1 2 1 2 4 1 1 1 1 0 0 0 0 1 13 1 2 4 1 1 5 2 0 1 3 4 2 0 2 3 2 1 0 2 1 1 0 1 2 2 1 2 0 18 1 0 5 0 2 69 1 2 2 5 0 0 0 0 0 50 44 1 0 1 0 1 1 9 4 1 0 0 0 8 1 0 0
1 1 1 3 2 2 2 39 142 13 1 1 1 0 1 0 1 1 0 2 3 2 38 31 27 1 1 0 0 0 0 0 11 1 0 1 2 1 0 2 1 1 0 1 2 1 1 1 1 1 0 0 0 0 0 0 0 1 1 0 1 2 11 2 0 4 1 1 63 2 0 1 2 3 1 0 1 2 39 52 0 0 0 0 1 1 5 6 0 0 0 1 3 1 0 0
0 1 0 1 1 1 1 30 3 5 10 3 2 2 0 1 1 1 2 2 3 6 13 3 2 25 19 11 6 3 0 0 6 1 0 0 0 0 0 0 1 0 0 0 0 0 0 0 0 2 1 0 0 0 0 1 1 0 1 1 0 1 4 6 0 4 0 3 56 6 2 1 0 2 0 2 0 0 49 30 1 0 0 1 1 2 3 152 1 0 3 1 1 0 0 0
0 0 0 0 0 0 24 4 4 1 5 11 4 2 2 0 1 2 2 4 12 10 2 1 1 1 6 1 2 1 0 0 3 0 0 0 1 2 0 2 1 0 0 0 0 0 0 1 1 0 0 0 2 1 2 1 0 0 1 0 0 0 3 3 1 3 1 1 2 50 4 1 0 1 1 0 4 43 1 26 2 0 1 2 3 4 6 152 73 4 2 1 1 1 0 0
