Flow_accumulation.asc
ncols        1010
nrows        1398
xllcorner    419764.000000000000
yllcorner    4215230.000000000000
dx           20.001980198020
[rows 836 to 911 of 1398, columns 192 to 287 of 1010]
3 1 1 3 1 4 2 13 10 127 23 7 0 9 204 33 12 9 3 8 0 2 1 1 1 0 0 1 1 1 4 5 67 3 3 0 2 1 0 0 0 1 2 18 1 0 0 6 0 3 7 0 0 1 0 2 3 3 10 3 1 4 5 31 0 1 0 1 2 7 8 9 46 1 137 1 1 1 1 0 0 1 1 2 62 1 77 72 2 0 1 1 3 11 4 2
2 1 1 1 3 1 3 13 4 2 3 2 0 2 25 4 10 7 2 13 7 8 15 3 2 1 0 1 1 3 5 7 4 9 15 1 5 0 0 0 1 1 12 3 0 0 0 1 4 1 12 0 2 1 1 0 1 2 2 18 2 0 0 18 32 1 1 1 1 2 9 10 59 64 141 1 1 9 4 1 0 1 1 1 6 140 1 0 0 1 0 0 5 22 5 1
1 0 1 2 1 2 7 5 2 2 1 1 2 22 1 4 8 5 2 1 0 3 1 13 18 2 1 1 1 0 1 10 0 0 1 25 2 1 0 1 0 2 14 4 0 1 0 6 2 2 4 10 4 1 1 1 1 3 2 0 23 1 0 1 38 2 3 0 0 0 1 2 2 6 211 2 13 1 1 1 0 0 1 1 83 71 3 2 1 0 0 0 33 2 1 0
0 1 1 0 0 4 2 4 0 1 1 1 15 4 1 3 6 4 1 0 2 0 0 2 3 33 39 4 14 5 0 113 0 0 1 4 32 1 1 1 1 2 20 4 1 1 1 8 2 2 5 12 6 1 2 0 2 4 3 1 25 0 0 0 1 48 1 0 0 1 2 3 4 0 1 232 2 1 0 0 0 2 2 2 69 88 2 1 0 0 1 0 37 2 1 0
0 0 1 2 3 0 2 1 1 1 1 11 14 3 1 1 4 4 0 1 0 1 2 6 17 6 2 41 34 45 106 3 0 0 0 1 37 41 1 1 3 0 6 17 2 2 1 10 3 3 6 13 7 2 3 1 0 9 3 0 3 4 1 0 0 52 0 0 0 0 1 2 3 0 1 237 2 1 0 1 0 0 2 3 78 2 1 1 1 0 2 43 3 1 0 0
0 0 0 0 1 1 0 0 0 1 5 5 1 2 1 0 2 3 0 1 2 5 9 10 3 1 1 0 0 53 0 2 0 0 1 2 3 1 11 3 5 1 1 22 2 0 4 14 2 4 1 22 9 21 3 1 2 10 4 1 0 9 2 0 1 2 53 0 1 0 1 2 3 4 2 7 242 2 1 1 0 1 2 97 14 2 1 1 0 1 3 46 1 0 1 0
1 3 4 2 0 1 0 0 0 1 1 2 1 1 0 0 1 1 0 0 2 3 3 1 1 0 1 1 50 1 0 0 1 0 0 0 1 14 19 37 39 3 1 24 4 0 5 19 0 4 1 0 26 25 38 4 8 12 2 2 1 10 3 1 1 53 3 1 0 1 0 1 2 6 4 247 2 1 0 0 2 1 11 6 6 6 4 0 1 1 52 0 1 2 0 1
0 1 2 8 12 0 2 1 3 2 2 1 1 0 0 0 1 0 1 2 2 1 0 0 0 1 1 44 11 0 1 2 5 2 1 12 13 3 2 0 1 2 3 27 43 55 62 24 50 1 2 0 0 0 0 9 26 1 2 1 4 1 15 2 2 58 2 0 1 1 1 0 1 3 8 10 1 0 0 0 1 7 7 1 1 0 0 0 2 2 59 5 2 0 1 2
1 0 2 2 4 24 11 1 0 2 0 0 0 3 1 0 0 0 2 2 1 1 2 3 3 1 39 6 1 0 0 1 2 5 7 0 0 0 0 0 0 1 2 15 8 4 3 51 36 46 3 0 0 0 0 1 4 33 2 0 2 5 3 18 65 2 1 1 1 2 1 1 0 1 3 5 0 1 0 0 1 4 3 0 0 0 0 0 0 1 69 2 1 1 1 3
1 1 0 1 6 3 22 35 2 1 4 1 0 7 0 1 0 1 1 3 6 8 6 2 2 45 29 2 0 0 1 2 1 3 1 0 0 0 0 0 0 0 9 11 0 1 0 0 0 4 6 8 2 1 0 0 0 34 3 1 0 3 9 92 5 0 1 0 2 3 2 0 2 0 1 4 7 1 0 0 1 4 1 0 0 0 1 1 0 68 5 0 1 1 2 4
2 1 1 3 0 1 1 3 42 49 55 4 2 12 2 0 0 1 1 2 3 8 15 22 27 35 1 1 0 1 2 3 6 12 15 1 0 1 1 1 1 48 50 0 0 0 0 0 1 1 0 3 7 7 2 0 2 18 22 2 1 0 1 105 2 2 0 4 3 2 5 2 1 2 1 5 17 2 1 0 1 6 1 1 0 1 1 2 2 66 5 2 1 1 3 4
2 1 1 0 0 1 1 2 2 1 1 61 81 2 1 0 1 0 1 2 4 2 1 1 4 2 0 1 1 2 2 2 2 3 9 21 2 2 1 35 42 3 1 0 0 0 1 0 0 0 0 0 1 0 6 6 4 4 41 6 2 0 13 2 1 0 7 5 2 1 8 13 1 2 2 4 3 13 17 1 6 3 2 1 0 2 1 3 3 69 6 6 5 0 4 1
6 4 1 0 0 0 1 1 1 1 2 3 89 0 1 1 1 0 1 0 0 0 0 1 1 1 0 0 1 1 1 3 2 1 0 1 23 30 33 3 0 0 0 1 0 1 3 2 1 0 1 0 0 0 0 3 1 0 1 6 9 8 10 19 0 1 10 1 0 0 1 2 19 2 0 0 0 0 2 20 11 2 2 2 0 3 0 7 4 86 11 2 1 0 1 5
4 0 0 0 0 0 0 1 2 3 4 6 8 16 1 1 1 0 1 2 1 2 3 3 2 0 0 1 2 4 7 4 5 7 6 1 0 0 0 0 1 2 2 0 2 2 1 6 9 13 4 0 0 0 1 0 0 0 0 0 0 3 2 21 16 13 0 0 0 0 0 0 24 0 0 0 1 0 0 0 12 18 2 0 0 3 4 14 0 0 1 1 0 0 0 5
1 1 1 0 0 1 1 1 2 3 4 4 23 4 2 0 1 1 1 4 2 1 1 1 2 0 0 1 2 3 4 8 10 10 14 16 0 0 0 1 1 4 8 2 1 2 4 0 1 2 21 1 0 0 1 0 0 0 2 0 0 1 2 0 1 18 5 0 1 1 0 1 27 1 0 0 0 1 0 0 1 3 6 1 0 2 6 1 0 0 2 0 0 1 0 9
0 4 0 1 1 1 1 1 1 1 1 1 4 19 1 2 0 0 1 2 5 3 4 4 3 0 0 1 1 1 1 2 3 3 1 26 0 0 1 0 1 1 2 12 16 3 26 26 1 0 25 0 1 5 4 0 1 0 2 0 0 0 1 0 1 3 13 1 1 2 1 0 2 30 1 0 4 6 5 1 1 2 6 4 0 2 9 0 0 0 5 6 20 9 33 31
4 3 0 2 1 3 2 0 1 2 2 3 23 5 4 2 1 0 0 0 3 6 6 10 4 0 0 0 1 2 2 2 5 2 3 29 1 1 2 0 2 0 0 1 1 18 2 4 33 37 67 0 2 7 0 0 0 2 5 1 1 0 0 0 0 0 1 6 1 3 2 1 35 6 0 0 1 0 1 8 1 2 5 10 0 13 0 0 1 1 46 30 18 31 1 1
7 2 1 2 2 4 4 0 1 3 8 10 24 24 3 1 1 0 0 1 1 3 2 19 4 1 0 1 2 2 3 3 5 6 4 33 1 6 0 0 0 4 4 1 1 0 0 0 0 0 0 71 11 0 0 1 0 1 11 3 1 0 0 0 1 1 2 1 15 3 1 1 43 2 1 0 0 0 0 1 12 1 1 7 1 14 1 0 6 52 0 0 0 0 0 0
5 2 0 3 1 12 1 0 2 3 2 3 9 51 3 2 1 0 0 1 4 4 4 28 0 2 1 2 3 3 3 5 6 14 6 41 10 1 0 0 1 2 5 11 3 2 0 1 0 1 1 2 87 1 0 2 0 1 22 4 2 1 0 0 0 2 2 4 16 6 1 46 0 0 0 0 0 0 1 2 2 15 2 4 18 2 0 12 15 0 2 1 0 0 0 0
1 1 0 4 17 1 0 0 1 2 2 3 5 44 22 1 1 1 0 1 2 5 10 35 0 1 2 2 2 5 5 3 3 6 24 55 0 0 0 0 0 1 1 2 15 20 25 3 0 0 1 2 92 0 1 0 3 1 28 1 0 0 1 1 0 0 2 2 5 13 1 49 2 2 1 1 0 0 0 1 2 3 15 16 39 2 18 4 3 2 1 0 0 1 0 1
71 0 1 25 15 0 0 0 0 0 2 3 3 1 56 41 1 1 1 0 1 2 4 53 0 0 1 2 3 2 7 5 3 2 59 35 1 1 0 0 1 0 1 0 0 0 0 28 30 0 1 0 95 0 2 1 4 31 2 0 1 0 2 1 1 1 0 0 1 16 49 5 2 1 1 1 1 1 0 0 1 2 5 1 5 24 2 1 0 0 0 1 0 2 1 1
176 205 30 1 0 0 1 0 1 1 1 1 2 2 3 62 2 0 1 1 1 2 2 56 1 0 1 2 2 3 2 10 4 2 1 59 4 2 0 0 1 5 2 0 1 1 0 1 2 35 1 6 49 155 5 5 3 37 0 1 1 1 3 1 1 3 1 1 0 2 70 3 2 10 6 7 3 0 1 0 0 1 3 7 12 37 6 6 6 5 4 1 1 2 1 1
2 7 0 0 0 1 2 0 3 0 1 1 0 1 1 3 64 0 1 1 1 1 2 2 59 0 1 2 3 3 2 18 1 0 0 70 2 0 0 0 2 2 8 2 3 1 0 0 1 2 44 43 7 1 157 163 172 41 2 0 2 2 4 1 2 4 2 1 2 104 36 29 24 10 9 2 2 0 1 1 1 1 2 5 5 12 7 2 2 1 1 1 1 3 0 66
0 2 6 0 1 2 2 1 4 2 0 2 2 1 1 67 6 1 1 3 0 2 1 2 4 60 2 2 3 4 4 24 0 0 2 62 2 1 0 0 0 2 15 2 9 1 0 0 1 2 1 2 1 1 1 1 2 220 3 1 3 3 5 1 2 2 5 3 2 120 3 2 1 1 0 1 0 0 1 4 2 1 3 4 6 6 19 3 3 3 1 0 2 1 3 72
1 1 11 14 2 10 2 3 4 5 0 1 3 7 10 2 73 2 1 4 1 1 3 4 4 4 60 4 3 4 5 30 1 1 4 1 0 0 0 1 1 2 2 22 12 0 0 0 2 1 0 1 0 1 0 0 0 1 225 2 4 4 6 2 3 0 3 6 130 3 1 2 0 0 0 0 0 1 0 0 8 0 0 1 1 5 30 9 6 4 4 3 1 1 11 70
0 1 0 0 16 13 28 2 3 14 16 0 2 0 1 13 17 95 97 6 2 0 2 5 7 6 6 63 3 4 5 43 2 5 0 0 0 0 1 3 0 0 0 14 28 0 1 3 4 1 0 0 0 0 1 2 3 4 5 234 244 260 11 270 253 1 1 3 21 0 0 0 1 0 0 0 0 0 2 1 10 1 0 0 1 3 52 10 8 6 3 1 0 1 84 0
2 0 0 1 1 2 3 29 2 3 2 20 2 1 0 1 1 1 1 103 4 1 1 2 4 9 8 9 66 3 5 46 51 60 1 1 0 0 1 6 1 0 1 25 26 1 1 8 2 0 0 0 1 2 0 1 2 4 7 8 5 1 261 253 26 275 2 4 1 1 0 0 0 1 0 1 0 1 1 3 13 2 0 1 1 61 6 4 3 2 1 0 1 0 88 0
39 0 0 0 0 0 0 5 29 1 3 24 2 2 1 0 2 2 1 2 105 4 2 2 2 4 10 11 14 68 0 0 0 25 17 1 0 1 0 3 8 1 0 0 45 2 14 5 1 0 0 0 1 1 5 3 3 3 2 2 1 0 0 0 0 1 280 1 0 0 1 0 1 2 1 1 1 1 2 4 20 3 1 0 2 54 13 3 2 1 0 0 0 5 88 1
46 0 0 1 2 3 2 6 31 0 1 2 28 2 1 2 2 4 8 7 1 106 13 6 6 4 5 7 89 8 0 0 0 1 44 1 1 1 1 1 13 2 0 1 0 67 3 2 1 1 0 0 0 2 2 3 1 2 2 2 0 0 0 0 0 5 280 0 1 0 2 1 2 3 3 0 1 1 2 2 6 23 1 1 1 66 5 4 3 2 1 0 0 1 95 2
51 0 0 1 3 5 16 24 60 35 70 76 109 4 1 0 1 2 2 8 15 2 99 109 37 19 13 6 88 20 0 0 1 2 43 9 0 2 1 1 16 3 1 1 1 71 1 0 1 0 1 1 0 0 2 8 1 0 1 7 1 0 0 1 2 282 1 1 1 1 3 2 3 8 1 0 2 0 2 3 2 25 6 1 2 12 3 2 1 0 0 1 0 1 99 2
54 0 0 2 4 7 2 1 1 34 2 1 3 89 1 0 1 1 1 2 2 16 3 0 77 102 113 126 235 4 0 1 0 1 3 54 1 3 1 3 3 18 2 1 72 2 0 1 1 5 5 0 0 2 3 6 17 2 2 12 0 1 0 1 2 5 280 11 8 6 1 3 11 4 0 1 1 2 4 2 2 10 26 1 1 5 2 1 0 1 0 2 0 1 2 102
0 0 0 1 1 0 0 0 0 0 1 1 2 90 3 1 1 2 1 2 2 3 19 7 3 1 2 2 6 247 0 2 0 0 2 1 51 56 112 6 3 26 5 2 77 1 1 2 12 6 1 0 0 0 3 5 4 23 26 28 43 2 0 1 1 3 289 12 1 0 3 1 15 3 2 0 1 1 4 4 4 10 30 0 6 5 4 3 2 0 1 1 2 1 2 135
1 0 0 0 1 2 3 3 4 3 1 1 1 3 95 0 2 4 3 1 2 3 2 19 21 5 0 2 2 251 1 3 0 1 2 4 3 2 5 55 5 6 1 0 77 3 3 16 3 0 0 0 0 1 0 0 1 2 1 0 0 48 49 1 2 3 18 293 0 0 0 5 30 7 3 0 0 4 7 13 9 39 4 0 7 9 1 0 0 1 2 1 4 1 9 15
0 1 1 0 0 0 0 1 1 2 5 5 4 2 6 94 2 5 4 2 2 3 4 5 6 25 7 2 3 1 255 2 1 0 7 2 2 1 3 2 1 3 0 1 0 4 20 2 0 1 0 3 1 0 0 1 1 2 4 2 1 0 0 52 1 0 1 311 1 0 1 42 3 1 0 0 0 0 1 3 23 49 1 0 11 8 2 1 1 1 0 3 4 18 13 1
2 0 2 0 1 1 1 1 1 2 1 2 3 12 9 91 75 174 183 188 194 199 205 208 215 226 254 262 234 8 3 263 5 4 5 1 1 1 2 1 1 1 0 0 1 2 1 13 12 9 8 1 0 1 0 0 1 2 3 9 1 0 1 2 54 0 1 2 0 1 43 0 0 1 0 0 0 0 2 3 4 76 2 0 8 5 2 1 1 0 2 2 21 21 1 1
2 2 1 0 1 2 5 3 15 23 27 32 37 36 51 68 93 6 0 2 0 1 1 1 7 1 2 3 3 233 249 4 2 14 1 1 1 0 1 0 1 0 1 2 0 0 1 3 2 1 0 0 0 1 1 1 1 0 2 8 9 1 0 1 56 2 5 3 1 45 1 0 0 0 1 0 0 1 1 1 2 81 1 4 7 10 0 2 1 0 1 2 28 1 0 0
74 3 2 1 1 1 2 10 4 0 1 0 1 1 1 3 1 0 1 0 1 1 2 5 0 1 0 1 2 4 11 2 1 3 10 0 0 0 0 0 0 1 1 13 18 25 5 4 2 1 0 0 0 1 2 3 1 2 3 2 19 2 1 1 3 58 2 5 0 34 14 1 1 0 3 2 0 0 1 2 2 82 2 3 12 18 3 1 0 1 1 3 34 2 1 0
77 88 3 2 1 1 0 1 0 0 0 1 1 2 2 2 2 3 2 3 3 1 1 1 0 0 1 2 2 3 6 1 2 1 3 7 1 0 0 0 1 2 10 1 1 31 3 1 1 0 0 1 0 1 2 4 4 1 0 3 6 24 3 1 2 4 65 3 1 1 51 0 2 13 9 1 0 0 0 1 2 85 2 0 1 26 6 1 0 1 1 36 3 1 1 1
85 91 76 33 2 0 2 0 0 0 1 1 1 2 3 2 3 6 11 12 4 4 2 1 0 0 1 1 2 3 76 10 4 1 1 1 4 1 0 1 0 3 1 0 0 4 2 1 0 1 1 1 0 1 2 3 8 3 1 1 1 6 30 5 1 2 3 73 2 0 55 20 16 1 2 1 0 0 1 2 2 89 1 2 1 28 9 1 0 2 1 44 2 1 1 0
1 1 1 0 39 42 3 1 1 0 0 1 1 1 2 3 3 2 0 1 12 17 22 3 0 1 1 1 1 69 15 3 4 3 1 0 2 0 1 3 6 2 0 0 1 4 0 0 0 2 2 2 0 1 2 4 7 8 2 1 2 4 9 43 50 2 2 3 78 55 24 2 1 1 2 1 0 0 2 2 4 93 1 1 4 34 9 1 0 2 218 166 165 160 145 143
0 0 0 1 0 0 48 5 1 0 1 2 2 1 0 0 0 0 0 0 1 2 2 30 13 35 39 43 49 71 2 2 2 3 2 0 1 0 0 2 4 10 0 0 1 3 2 2 0 0 3 10 1 0 2 6 5 13 2 2 1 1 0 0 0 54 1 1 79 84 5 9 10 8 5 3 2 0 1 3 5 16 83 2 36 9 5 1 0 22 3 3 1 4 12 6
1 0 1 0 0 1 2 57 0 0 1 1 6 1 2 2 0 1 1 1 1 0 1 2 33 1 0 0 16 3 3 1 1 1 2 1 0 0 1 1 1 10 1 0 0 1 2 3 0 0 1 9 4 2 3 4 6 18 3 1 2 0 0 0 1 2 56 1 1 185 18 9 4 2 0 0 1 0 1 2 3 13 80 82 3 23 4 35 29 3 3 2 2 2 2 4
1 3 2 0 1 1 0 2 58 1 0 2 4 6 1 5 2 0 2 2 1 2 2 3 0 0 0 1 11 2 2 2 1 0 1 0 0 1 1 1 0 1 13 1 1 2 7 5 0 0 1 1 13 1 3 7 9 21 3 2 0 4 1 0 0 0 56 4 2 18 8 5 4 2 1 0 0 0 1 2 2 7 12 12 85 25 3 2 2 2 2 1 2 1 2 1
1 7 2 1 0 1 2 1 62 2 0 1 3 4 8 5 6 1 1 3 3 6 7 2 3 10 6 94 1 2 1 1 1 0 0 1 2 2 1 1 2 1 1 14 2 0 1 11 0 1 0 3 15 1 1 4 42 5 0 0 3 6 2 0 1 1 3 58 3 3 1 1 2 1 1 0 0 0 1 1 2 4 11 10 14 85 33 2 1 0 0 1 0 1 1 1
12 25 3 0 2 1 2 3 65 2 1 1 4 2 4 13 19 28 1 1 3 3 0 13 10 6 11 78 1 0 1 1 0 0 0 0 1 3 4 5 26 23 37 41 23 3 1 5 10 1 1 4 17 2 1 40 18 0 0 1 1 9 15 0 1 2 3 60 6 2 1 1 0 1 0 0 0 1 1 1 1 2 6 12 10 124 15 3 2 3 2 3 2 1 0 0
2 1 32 36 41 45 1 3 70 3 2 0 5 3 2 0 2 2 29 4 0 34 39 2 1 0 1 72 3 3 2 1 1 0 0 3 5 8 15 20 4 13 3 3 38 63 3 2 16 2 2 7 16 3 2 53 0 0 0 1 2 1 3 20 22 4 6 4 71 5 4 3 2 1 0 1 0 1 2 2 2 2 6 14 12 35 29 2 4 4 17 0 1 1 1 0
0 1 2 2 1 2 49 52 4 77 106 88 11 5 2 2 4 2 14 50 65 1 4 1 0 0 1 57 15 10 5 2 1 0 1 0 1 2 1 1 2 1 2 3 2 2 64 3 4 26 3 24 4 1 55 3 0 1 0 3 3 0 0 1 2 24 12 63 2 3 3 2 1 0 0 0 2 3 1 3 3 3 6 15 59 13 14 34 28 22 3 18 214 1 1 1
1 2 1 0 1 2 1 14 79 97 78 5 23 23 12 10 4 11 4 10 7 1 0 0 0 1 1 29 23 8 7 6 3 1 0 0 1 0 1 1 1 2 3 4 5 6 13 89 91 99 142 32 2 0 58 2 1 2 1 9 0 0 1 1 1 1 35 67 10 5 3 2 1 0 1 0 1 2 4 3 4 8 4 12 64 8 1 4 1 4 1 1 6 206 193 112
0 1 0 0 0 1 26 32 16 3 2 2 3 4 2 0 1 1 1 5 11 1 0 0 1 2 55 4 15 5 5 3 2 1 0 0 0 1 1 2 3 4 5 6 9 13 18 10 13 7 5 84 31 0 5 57 2 2 14 1 0 1 0 1 1 1 34 70 7 4 3 2 1 0 0 2 4 2 3 5 4 13 0 8 75 4 5 3 3 2 1 1 5 2 77 7
1 0 2 1 2 17 2 3 4 2 1 2 3 2 0 1 2 2 3 13 1 0 1 0 1 46 3 2 6 9 2 2 1 0 0 0 1 2 3 3 4 5 6 7 8 7 1 1 0 0 3 2 89 0 2 62 3 20 2 0 0 0 2 1 2 3 33 77 8 3 2 1 0 0 0 2 2 6 4 5 5 19 1 13 8 7 5 2 3 2 2 0 4 1 69 7
1 1 2 3 8 3 1 2 3 1 0 2 1 1 1 1 1 2 4 21 1 0 0 0 1 40 3 3 3 6 3 1 1 0 0 0 0 0 1 2 2 2 2 2 0 1 2 36 4 4 0 0 2 13 3 61 6 23 0 0 1 0 2 2 2 3 37 83 4 4 3 1 1 0 0 1 2 3 7 6 11 6 18 11 4 3 3 4 3 2 1 1 3 3 4 63
1 8 9 3 2 2 1 1 2 0 1 0 0 0 0 1 2 3 3 13 1 0 0 1 28 6 3 2 3 3 1 2 1 0 1 1 2 1 0 1 1 2 2 22 29 32 34 2 36 37 35 1 1 4 5 62 31 1 1 0 2 0 2 2 3 3 123 4 4 3 2 2 0 1 0 1 2 3 4 27 0 5 30 17 8 7 4 3 2 2 1 1 3 2 4 53
93 17 2 1 1 0 1 0 1 0 0 1 2 2 1 1 2 2 105 2 5 0 2 20 19 1 5 2 2 1 2 1 0 0 1 4 4 5 3 2 3 15 19 2 1 1 1 2 3 4 4 35 1 2 8 101 2 1 0 1 2 2 1 3 6 4 10 120 2 2 1 0 0 0 2 1 1 1 16 21 0 11 10 9 7 7 6 4 2 1 1 1 2 3 2 3
19 1 2 1 0 0 0 0 0 1 2 1 0 1 3 4 3 6 118 1 1 2 13 6 1 1 2 3 1 1 1 0 0 1 2 3 4 6 7 7 9 3 0 0 0 0 1 2 2 1 6 6 39 37 38 74 145 0 1 2 3 2 2 4 7 3 7 1 1 1 0 1 0 0 1 2 2 3 39 2 25 11 9 7 7 6 4 4 2 2 1 1 1 3 2 2
1 0 0 1 1 0 0 0 0 1 1 3 6 7 8 3 5 13 97 1 1 1 5 9 1 1 1 1 1 0 0 0 1 2 3 2 3 5 8 6 3 1 0 0 1 2 3 2 1 4 2 7 6 7 7 7 69 1 1 3 2 5 4 4 7 11 3 4 3 2 1 1 1 0 1 2 3 3 44 9 13 10 8 7 4 4 5 3 3 2 1 0 1 2 1 2
2 2 1 0 0 0 1 0 1 2 4 4 3 3 4 10 11 96 1 1 1 1 1 10 0 0 0 0 0 0 0 1 2 1 2 4 7 7 8 11 7 2 1 0 0 1 0 2 5 2 5 7 9 8 4 2 2 4 1 0 7 5 8 4 7 16 3 2 1 0 0 0 2 2 2 2 2 16 47 6 5 8 6 7 6 4 2 3 2 0 1 0 1 1 1 2
0 0 0 1 0 2 2 0 2 4 5 8 11 14 28 49 137 6 22 2 1 0 1 5 3 2 1 0 0 0 0 1 1 4 4 6 6 7 5 7 26 3 2 0 1 1 2 2 3 8 9 9 9 13 15 9 2 3 3 5 6 5 6 9 26 2 2 1 1 0 1 0 1 4 3 3 65 74 8 4 4 6 9 7 7 6 5 3 2 2 1 0 1 0 1 1
61 57 2 11 10 6 2 3 0 1 2 4 6 25 17 2 81 0 5 16 4 2 1 0 4 1 1 1 0 1 0 0 2 2 4 4 4 7 17 7 9 26 3 0 1 1 3 5 5 6 8 11 18 23 29 33 20 14 10 9 6 2 1 1 15 4 2 2 0 0 2 0 1 2 14 6 3 4 5 7 6 2 4 4 6 3 3 3 3 2 0 0 0 0 1 1
1 4 49 7 4 1 0 1 0 0 1 3 17 2 3 2 75 3 3 1 9 5 1 0 1 0 0 2 1 2 0 1 0 2 2 3 6 8 8 25 33 73 2 0 1 2 4 5 8 11 14 18 21 21 23 33 54 36 14 5 6 4 2 2 19 2 2 0 1 0 1 2 1 10 8 7 13 12 6 3 2 6 1 2 2 4 4 2 1 1 1 0 0 1 1 4
1 2 23 2 1 3 0 0 1 2 3 12 2 2 0 1 107 2 1 4 2 1 2 0 0 0 1 4 2 3 1 0 2 0 1 3 3 2 2 2 2 77 2 1 1 2 3 5 8 8 9 9 8 13 246 253 264 298 328 341 343 353 358 5 25 2 1 2 0 1 1 2 3 7 6 7 1 2 6 3 3 1 4 3 0 1 1 2 2 1 0 0 0 0 0 1
1 2 18 1 1 1 1 0 1 2 3 11 1 0 1 2 72 29 8 1 3 1 0 1 0 1 2 9 3 4 2 1 1 2 1 1 1 1 1 2 3 3 79 81 4 5 6 7 6 7 7 6 7 234 5 8 2 3 2 1 1 2 4 392 5 4 2 0 1 2 1 5 8 1 8 2 1 0 1 5 1 1 1 1 3 2 2 1 0 0 1 0 0 1 1 1
2 3 3 9 0 0 1 0 0 2 5 1 0 1 2 65 2 3 19 3 1 2 0 0 0 1 1 2 15 5 3 1 1 2 3 1 2 2 1 2 1 2 5 7 86 85 85 84 85 7 5 9 228 2 3 5 1 2 1 1 1 2 4 9 1 2 1 0 2 2 14 8 2 0 13 2 1 1 0 0 4 3 2 1 1 1 0 1 1 2 0 1 1 1 2 3
1 2 2 3 4 0 0 0 1 1 0 2 3 4 7 58 3 1 17 2 1 0 1 0 1 2 3 3 5 23 4 1 2 1 3 5 5 0 2 1 2 3 3 7 20 28 74 78 81 163 175 214 2 1 3 3 0 1 1 0 1 0 1 5 2 0 0 1 1 19 4 1 2 1 19 5 4 3 2 2 1 2 1 1 2 17 13 8 3 1 1 1 2 0 1 3
0 1 1 1 3 1 0 0 0 1 2 1 7 15 38 6 5 1 13 2 1 0 0 1 2 2 4 7 7 10 29 2 1 2 3 4 15 2 0 2 5 7 10 55 48 48 7 8 9 35 37 2 1 0 2 0 1 0 0 0 0 1 1 3 0 1 0 2 17 4 1 0 3 14 69 65 3 2 1 2 4 27 28 26 20 1 1 2 3 1 3 1 3 1 0 0
0 0 0 1 0 1 1 0 1 1 3 8 6 1 22 4 4 1 4 7 1 0 0 1 2 4 4 5 6 7 46 3 2 1 2 3 3 20 20 3 46 49 50 5 4 3 2 3 25 10 2 0 0 0 0 0 0 0 0 0 0 1 2 3 7 1 0 1 3 1 0 2 3 93 4 3 61 56 50 44 38 9 4 2 2 1 0 0 0 1 5 5 3 0 0 1
1 0 0 0 1 1 5 5 0 1 3 1 0 7 11 2 4 1 3 4 1 0 1 1 2 3 3 2 4 5 7 56 2 2 1 3 2 3 5 41 1 1 4 8 13 17 20 22 5 0 1 0 1 0 0 0 1 1 1 0 1 2 1 2 4 5 5 3 2 1 2 2 31 84 5 3 2 3 4 2 2 2 2 0 0 0 0 0 0 0 0 16 1 1 1 1
0 0 0 0 0 1 2 11 1 1 0 0 4 2 8 2 1 2 2 1 2 0 0 1 2 3 4 5 6 5 2 4 64 3 3 2 4 2 15 0 1 2 2 3 2 1 1 1 2 0 1 1 0 3 1 0 1 4 2 1 0 0 3 3 6 5 2 1 1 2 3 27 17 6 7 5 5 2 2 3 2 0 0 1 0 0 0 1 0 1 3 38 12 6 1 1
2 0 1 1 1 1 1 2 16 0 1 0 1 1 6 1 1 1 1 0 1 0 1 2 3 2 4 6 8 14 18 2 1 64 68 4 3 9 0 0 0 2 2 1 0 0 0 1 0 1 1 2 3 4 5 26 582 593 604 603 5 0 0 1 6 5 1 1 1 2 7 32 1 2 3 5 2 3 2 0 0 1 0 1 1 0 1 2 1 4 51 17 5 2 2 0
1 0 0 2 5 10 12 13 32 4 2 2 0 0 3 1 0 1 0 0 0 1 2 2 1 3 5 7 8 9 12 31 4 37 46 114 82 5 0 0 1 0 1 1 2 3 4 4 0 0 0 2 528 543 566 553 4 3 6 4 19 25 29 33 36 40 0 2 2 0 44 2 3 1 1 2 4 1 1 2 1 0 1 1 1 1 2 5 66 62 4 2 3 3 1 1
0 0 0 1 2 0 1 2 3 40 1 1 0 0 3 1 1 0 0 0 1 2 3 5 6 7 7 7 7 7 8 10 41 11 5 8 46 79 3 1 0 0 1 0 0 0 1 1 6 7 517 521 5 13 10 4 2 6 5 2 1 2 2 2 2 8 1 2 3 0 25 5 4 3 2 0 0 2 2 1 0 0 2 2 2 3 62 55 42 1 3 2 1 3 1 1
0 1 0 0 1 1 0 1 5 45 1 0 0 0 0 1 1 0 0 0 1 2 3 4 7 9 11 13 8 8 5 6 9 27 41 42 44 88 83 2 0 1 0 3 4 5 5 4 10 505 2 3 5 15 3 3 2 5 3 2 0 2 1 1 2 2 17 8 4 0 6 4 3 3 3 3 2 1 1 0 0 0 2 5 70 65 7 2 2 1 1 2 1 1 1 1
1 2 1 0 0 2 2 0 5 46 1 0 1 1 3 1 0 1 0 0 0 1 2 3 4 5 6 4 9 11 15 17 28 13 3 3 3 6 94 128 0 1 3 3 5 4 4 490 491 2 2 2 6 10 2 2 1 4 2 1 1 0 1 2 3 6 7 11 14 1 1 1 1 1 1 1 1 1 0 0 1 0 2 80 57 0 0 0 1 2 1 1 1 1 1 0
2 3 2 0 1 2 6 10 14 37 0 1 2 5 4 1 2 0 1 0 1 0 1 1 2 2 2 6 11 17 21 16 4 4 3 4 6 6 7 56 181 5 4 4 3 6 476 4 2 1 2 5 5 2 3 1 0 3 1 0 0 0 1 2 2 1 0 3 9 50 4 2 2 2 1 2 1 1 0 1 2 0 8 86 2 2 2 2 4 3 2 1 1 0 0 0
0 7 0 0 1 1 1 2 10 59 0 2 0 16 1 2 1 1 2 1 1 1 0 1 2 4 9 19 19 18 17 21 8 6 5 7 8 12 16 21 18 187 187 189 458 462 3 3 2 1 2 2 3 1 2 0 0 1 0 0 0 1 1 2 3 2 3 2 45 2 61 2 3 4 4 1 1 1 1 2 1 2 93 2 2 1 1 3 2 2 1 1 1 2 1 0
0 9 0 0 1 2 3 4 3 54 0 0 3 21 3 1 1 2 3 2 1 1 2 4 5 10 8 1 2 2 3 6 16 9 6 5 6 7 8 10 21 114 158 262 89 1 2 2 2 1 1 2 0 1 0 0 0 0 0 0 0 0 0 0 0 29 34 44 1 4 9 69 6 4 2 2 2 1 2 3 1 3 124 26 24 21 14 8 4 2 3 3 2 0 0 0
3 7 1 1 0 1 3 4 4 59 0 0 1 25 1 2 1 3 4 3 1 2 1 2 3 0 2 2 3 3 4 6 7 14 11 9 7 8 12 53 118 40 5 98 1 0 1 2 0 1 1 0 2 1 0 1 2 1 1 1 0 12 24 18 25 5 4 5 3 1 2 83 4 4 2 1 1 2 3 2 2 133 1 1 0 0 3 3 2 4 3 2 2 2 1 0
